#RAD(Kpc) RAD(arcs)  VROT(km/s) DISP(km/s) INC(deg)  P.A.(deg) Z0(pc)    Z0(arcs)  SIG(E20)  XPOS(pix) YPOS(pix) VSYS(km/s) VRAD(km/s) E_VROT1   E_VROT2   E_DISP1   E_DISP2   
1.305     7.500      212.582    8.684      51.290    188.545   0.000     0.000     1.000     256.448   256.844   2455.018   0.000      -18.802   14.719    -4.425    3.861     
3.916     22.500     178.163    8.802      48.726    189.289   0.000     0.000     1.000     256.448   256.844   2455.018   0.000      -34.462   26.495    -7.514    6.848     
6.527     37.500     207.960    9.129      48.458    190.950   0.000     0.000     1.000     256.448   256.844   2455.018   0.000      -28.237   19.587    -4.906    4.989     
9.138     52.500     202.091    5.141      48.305    192.268   0.000     0.000     1.000     256.448   256.844   2455.018   0.000      -14.989   12.608    -4.394    4.394     
11.749    67.500     205.422    5.897      48.144    192.555   0.000     0.000     1.000     256.448   256.844   2455.018   0.000      -16.280   11.176    -4.211    4.456     
14.359    82.500     202.110    4.907      48.146    191.970   0.000     0.000     1.000     256.448   256.844   2455.018   0.000      -10.502   7.239     -4.469    3.899     
16.970    97.500     197.941    6.910      48.249    191.085   0.000     0.000     1.000     256.448   256.844   2455.018   0.000      -6.680    6.446     -4.448    3.578     
19.581    112.500    208.099    3.327      48.245    190.447   0.000     0.000     1.000     256.448   256.844   2455.018   0.000      -5.655    4.538     -4.231    4.469     
22.192    127.500    208.695    7.663      48.010    190.293   0.000     0.000     1.000     256.448   256.844   2455.018   0.000      -10.671   9.109     -3.632    3.808     
24.802    142.500    208.270    1.662      47.602    190.448   0.000     0.000     1.000     256.448   256.844   2455.018   0.000      -6.448    5.025     -3.662    4.297     
27.413    157.500    206.306    1.019      47.214    190.434   0.000     0.000     1.000     256.448   256.844   2455.018   0.000      -11.835   7.804     -4.479    4.479     
30.024    172.500    205.751    4.104      47.067    189.729   0.000     0.000     1.000     256.448   256.844   2455.018   0.000      -11.906   8.672     -3.843    4.432     
32.635    187.500    191.918    0.625      47.316    188.174   0.000     0.000     1.000     256.448   256.844   2455.018   0.000      -4.970    5.136     -4.373    4.344     
35.246    202.500    189.433    1.239      47.955    186.425   0.000     0.000     1.000     256.448   256.844   2455.018   0.000      -5.894    6.081     -4.161    3.611     
37.856    217.500    187.072    1.083      48.706    186.141   0.000     0.000     1.000     256.448   256.844   2455.018   0.000      -5.953    7.039     -4.242    3.701     
40.467    232.500    186.805    0.410      49.052    189.418   0.000     0.000     1.000     256.448   256.844   2455.018   0.000      -6.474    7.822     -4.153    4.268     
43.078    247.500    191.961    0.753      48.456    197.017   0.000     0.000     1.000     256.448   256.844   2455.018   0.000      -23.570   17.713    -3.870    4.417     
