#RAD(Kpc) RAD(arcs)  VROT(km/s) DISP(km/s) INC(deg)  P.A.(deg) Z0(pc)    Z0(arcs)  SIG(E20)  XPOS(pix) YPOS(pix) VSYS(km/s) VRAD(km/s) 
1.305     11.500     221.311    23.078     51.950    155.007   0.000     0.000     1.000     512.000   512.000   1870.000   0.000      
3.914     34.500     196.237    22.796     53.894    155.002   0.000     0.000     1.000     512.000   512.000   1870.000   0.000      
6.523     57.500     196.237    22.796     54.585    155.001   0.000     0.000     1.000     512.000   512.000   1870.000   0.000      
9.133     80.500     200.740    22.676     54.824    155.000   0.000     0.000     1.000     512.000   512.000   1870.000   0.000      
11.742    103.500    196.237    22.796     54.911    155.000   0.000     0.000     1.000     512.000   512.000   1870.000   0.000      
14.351    126.500    196.237    22.796     54.924    155.002   0.000     0.000     1.000     512.000   512.000   1870.000   0.000      
16.961    149.500    196.237    22.796     54.829    155.016   0.000     0.000     1.000     512.000   512.000   1870.000   0.000      
19.570    172.500    196.237    22.796     54.520    155.078   0.000     0.000     1.000     512.000   512.000   1870.000   0.000      
22.179    195.500    220.457    22.329     53.871    155.281   0.000     0.000     1.000     512.000   512.000   1870.000   0.000      
24.789    218.500    196.237    22.796     52.834    155.801   0.000     0.000     1.000     512.000   512.000   1870.000   0.000      
27.398    241.500    196.237    22.796     51.541    156.872   0.000     0.000     1.000     512.000   512.000   1870.000   0.000      
30.007    264.500    235.299    22.407     50.298    158.683   0.000     0.000     1.000     512.000   512.000   1870.000   0.000      
32.617    287.500    225.176    24.222     49.449    161.215   0.000     0.000     1.000     512.000   512.000   1870.000   0.000      
35.226    310.500    200.000    13.000     49.167    164.124   0.000     0.000     1.000     512.000   512.000   1870.000   0.000      
