#RAD(Kpc) RAD(arcs)  VROT(km/s) DISP(km/s) INC(deg)  P.A.(deg) Z0(pc)    Z0(arcs)  SIG(E20)  XPOS(pix) YPOS(pix) VSYS(km/s) VRAD(km/s) E_VROT1   E_VROT2   E_DISP1   E_DISP2   
0.647     7.500      65.351     0.102      49.651    160.886   0.000     0.000     1.000     256.000   254.000   1618.402   0.000      -10.378   10.488    -6.592    6.592     
1.942     22.500     94.549     12.891     46.987    158.173   0.000     0.000     1.000     256.000   254.000   1618.402   0.000      -8.957    7.521     -3.554    3.290     
3.236     37.500     102.994    13.967     45.104    155.484   0.000     0.000     1.000     256.000   254.000   1618.402   0.000      -8.184    7.659     -3.200    3.224     
4.531     52.500     113.617    14.163     44.705    153.187   0.000     0.000     1.000     256.000   254.000   1618.402   0.000      -7.267    6.940     -3.163    3.007     
5.825     67.500     120.025    12.474     45.793    151.424   0.000     0.000     1.000     256.000   254.000   1618.402   0.000      -6.569    6.661     -2.957    3.006     
7.120     82.500     124.987    9.666      47.440    150.103   0.000     0.000     1.000     256.000   254.000   1618.402   0.000      -5.565    5.647     -3.526    3.073     
8.414     97.500     125.064    6.710      48.656    148.518   0.000     0.000     1.000     256.000   254.000   1618.402   0.000      -5.276    6.546     -3.468    3.240     
9.709     112.500    124.770    4.036      49.233    144.659   0.000     0.000     1.000     256.000   254.000   1618.402   0.000      -5.459    6.750     -2.790    2.946     
11.003    127.500    132.091    0.839      49.603    135.670   0.000     0.000     1.000     256.000   254.000   1618.402   0.000      -7.034    8.543     -1.871    1.871     
