#RAD(Kpc) RAD(arcs)  VROT(km/s) DISP(km/s) INC(deg)  P.A.(deg) Z0(pc)    Z0(arcs)  SIG(E20)  XPOS(pix) YPOS(pix) VSYS(km/s) VRAD(km/s) E_VROT1   E_VROT2   E_DISP1   E_DISP2   
1.215     4.500      72.050     10.404     48.661    221.774   0.000     0.000     1.000     255.000   257.000   5872.711   0.000      -12.021   12.008    -4.809    4.809     
3.646     13.500     138.462    9.467      52.507    213.084   0.000     0.000     1.000     255.000   257.000   5872.711   0.000      -6.913    5.407     -5.598    5.598     
6.076     22.500     136.578    9.756      53.579    212.439   0.000     0.000     1.000     255.000   257.000   5872.711   0.000      -4.256    3.706     -5.726    4.679     
8.507     31.500     139.958    13.139     53.439    214.978   0.000     0.000     1.000     255.000   257.000   5872.711   0.000      -5.626    6.121     -5.462    4.022     
10.937    40.500     149.307    15.845     53.280    217.428   0.000     0.000     1.000     255.000   257.000   5872.711   0.000      -7.905    6.449     -4.949    3.920     
13.367    49.500     143.221    11.630     53.392    218.746   0.000     0.000     1.000     255.000   257.000   5872.711   0.000      -7.311    6.108     -5.547    5.058     
15.798    58.500     136.059    9.829      53.562    219.149   0.000     0.000     1.000     255.000   257.000   5872.711   0.000      -5.848    8.178     -5.078    4.986     
18.228    67.500     141.649    14.074     53.543    219.178   0.000     0.000     1.000     255.000   257.000   5872.711   0.000      -4.380    3.953     -3.691    2.695     
20.659    76.500     153.568    14.533     53.259    219.206   0.000     0.000     1.000     255.000   257.000   5872.711   0.000      -4.664    4.170     -3.116    2.563     
23.089    85.500     166.523    11.107     52.767    219.311   0.000     0.000     1.000     255.000   257.000   5872.711   0.000      -5.284    4.608     -4.082    3.121     
25.520    94.500     172.495    7.634      52.158    219.364   0.000     0.000     1.000     255.000   257.000   5872.711   0.000      -6.227    4.711     -4.681    4.681     
27.950    103.500    155.455    9.394      51.472    219.174   0.000     0.000     1.000     255.000   257.000   5872.711   0.000      -8.172    10.367    -5.515    5.670     
30.380    112.500    161.284    8.215      50.713    218.644   0.000     0.000     1.000     255.000   257.000   5872.711   0.000      -7.329    9.539     -5.452    5.524     
32.811    121.500    167.494    8.413      49.929    217.899   0.000     0.000     1.000     255.000   257.000   5872.711   0.000      -6.722    6.907     -3.740    3.740     
35.241    130.500    167.167    6.799      49.249    217.325   0.000     0.000     1.000     255.000   257.000   5872.711   0.000      -6.779    9.087     -2.438    3.011     
37.672    139.500    174.436    4.667      48.806    217.453   0.000     0.000     1.000     255.000   257.000   5872.711   0.000      -8.823    8.205     -3.982    3.982     
40.102    148.500    173.239    1.379      48.661    218.628   0.000     0.000     1.000     255.000   257.000   5872.711   0.000      -10.089   12.723    -5.745    5.745     
42.533    157.500    170.716    3.322      48.979    220.560   0.000     0.000     1.000     255.000   257.000   5872.711   0.000      -13.967   18.645    -2.888    3.506     
44.963    166.500    161.242    0.834      50.315    222.010   0.000     0.000     1.000     255.000   257.000   5872.711   0.000      -16.576   18.010    -6.119    6.119     
47.393    175.500    165.667    1.423      53.107    221.344   0.000     0.000     1.000     255.000   257.000   5872.711   0.000      -13.988   17.169    -4.587    4.587     
