#RAD(Kpc) RAD(arcs)  VROT(km/s) DISP(km/s) INC(deg)  P.A.(deg) Z0(pc)    Z0(arcs)  SIG(E20)  XPOS(pix) YPOS(pix) VSYS(km/s) VRAD(km/s) E_VROT1   E_VROT2   E_DISP1   E_DISP2   
0.942     11.500     85.260     24.916     62.999    323.961   0.000     0.000     1.000     127.879   128.094   1508.307   0.000      -7.132    6.004     -3.726    3.912     
2.827     34.500     112.158    22.023     60.827    324.309   0.000     0.000     1.000     127.879   128.094   1508.307   0.000      -6.476    5.053     -4.558    4.428     
4.711     57.500     129.628    13.721     59.686    326.184   0.000     0.000     1.000     127.879   128.094   1508.307   0.000      -3.676    3.373     -2.347    3.060     
6.596     80.500     134.350    14.557     59.288    327.325   0.000     0.000     1.000     127.879   128.094   1508.307   0.000      -3.828    3.326     -2.993    3.096     
8.480     103.500    137.964    13.880     58.994    327.894   0.000     0.000     1.000     127.879   128.094   1508.307   0.000      -4.049    3.422     -2.711    2.615     
10.365    126.500    136.713    12.718     58.707    328.426   0.000     0.000     1.000     127.879   128.094   1508.307   0.000      -3.550    3.175     -2.644    2.594     
12.249    149.500    136.677    11.175     58.865    328.922   0.000     0.000     1.000     127.879   128.094   1508.307   0.000      -4.661    3.908     -3.031    2.948     
14.134    172.500    136.983    9.564      59.610    329.037   0.000     0.000     1.000     127.879   128.094   1508.307   0.000      -5.643    5.881     -4.325    3.234     
16.018    195.500    140.746    1.596      60.134    328.319   0.000     0.000     1.000     127.879   128.094   1508.307   0.000      -6.145    6.338     -4.481    4.481     
17.903    218.500    145.481    0.146      59.623    325.255   0.000     0.000     1.000     127.879   128.094   1508.307   0.000      -7.080    7.197     -1.752    1.752     
