#RAD(Kpc) RAD(arcs)  VROT(km/s) DISP(km/s) INC(deg)  P.A.(deg) Z0(pc)    Z0(arcs)  SIG(E20)  XPOS(pix) YPOS(pix) VSYS(km/s) VRAD(km/s) E_VROT1   E_VROT2   E_DISP1   E_DISP2   
2.781     12.000     121.968    44.311     55.070    88.869    0.000     0.000     1.000     255.741   256.294   3480.390   0.000      -12.684   16.658    -7.511    8.712     
8.343     36.000     168.395    29.676     54.532    89.127    0.000     0.000     1.000     255.741   256.294   3480.390   0.000      -8.230    7.221     -5.224    6.280     
13.905    60.000     169.295    26.187     54.914    88.334    0.000     0.000     1.000     255.741   256.294   3480.390   0.000      -6.557    8.049     -5.074    5.618     
19.467    84.000     174.907    23.799     55.513    87.220    0.000     0.000     1.000     255.741   256.294   3480.390   0.000      -7.893    9.077     -5.764    6.096     
25.029    108.000    182.908    19.897     55.879    86.466    0.000     0.000     1.000     255.741   256.294   3480.390   0.000      -4.905    5.776     -3.301    4.024     
30.591    132.000    190.831    17.607     55.843    86.311    0.000     0.000     1.000     255.741   256.294   3480.390   0.000      -5.259    4.654     -3.480    3.369     
36.153    156.000    188.208    13.228     55.420    86.527    0.000     0.000     1.000     255.741   256.294   3480.390   0.000      -5.305    6.034     -3.031    3.885     
41.714    180.000    186.490    9.626      54.752    86.595    0.000     0.000     1.000     255.741   256.294   3480.390   0.000      -1.362    1.442     -2.723    2.884     
47.276    204.000    188.655    8.278      53.942    86.452    0.000     0.000     1.000     255.741   256.294   3480.390   0.000      -2.262    2.188     -2.102    1.757     
52.838    228.000    192.974    1.971      52.943    88.174    0.000     0.000     1.000     255.741   256.294   3480.390   0.000      -5.845    4.930     -4.321    4.321     
