#RAD(Kpc) RAD(arcs)  VROT(km/s) DISP(km/s) INC(deg)  P.A.(deg) Z0(pc)    Z0(arcs)  SIG(E20)  XPOS(pix) YPOS(pix) VSYS(km/s) VRAD(km/s) E_VROT1   E_VROT2   E_DISP1   E_DISP2   
1.236     7.500      95.644     6.509      36.016    309.069   0.000     0.000     1.000     260.000   253.000   2614.488   0.000      -15.463   12.053    -2.189    2.189     
3.709     22.500     0.188      11.099     36.016    309.069   0.000     0.000     1.000     260.000   253.000   2614.488   0.000      -2.223    2.113     -4.446    4.225     
6.182     37.500     11.039     7.451      36.016    309.069   0.000     0.000     1.000     260.000   253.000   2614.488   0.000      -1.097    1.504     -2.193    3.007     
8.654     52.500     128.656    0.337      36.016    309.069   0.000     0.000     1.000     260.000   253.000   2614.488   0.000      -10.656   8.193     -2.225    2.225     
11.127    67.500     127.809    0.185      36.016    309.069   0.000     0.000     1.000     260.000   253.000   2614.488   0.000      -9.327    9.515     -3.336    3.336     
13.599    82.500     132.158    0.536      36.016    309.069   0.000     0.000     1.000     260.000   253.000   2614.488   0.000      -12.559   10.943    -2.983    2.983     
16.072    97.500     133.144    0.293      36.016    309.069   0.000     0.000     1.000     260.000   253.000   2614.488   0.000      -12.698   13.662    -3.014    3.014     
18.545    112.500    160.292    0.552      36.016    309.069   0.000     0.000     1.000     260.000   253.000   2614.488   0.000      -25.617   18.686    -1.415    1.415     
21.017    127.500    160.814    0.308      36.016    309.069   0.000     0.000     1.000     260.000   253.000   2614.488   0.000      -13.032   10.026    -1.765    1.765     
23.490    142.500    164.482    0.434      36.016    309.069   0.000     0.000     1.000     260.000   253.000   2614.488   0.000      -16.081   12.491    -1.631    1.631     
25.962    157.500    168.435    0.298      36.016    309.069   0.000     0.000     1.000     260.000   253.000   2614.488   0.000      -16.810   12.897    -1.260    1.260     
28.435    172.500    154.156    0.507      36.016    309.069   0.000     0.000     1.000     260.000   253.000   2614.488   0.000      -28.285   20.100    -0.942    0.942     
