#RAD(Kpc) RAD(arcs)  VROT(km/s) DISP(km/s) INC(deg)  P.A.(deg) Z0(pc)    Z0(arcs)  SIG(E20)  XPOS(pix) YPOS(pix) VSYS(km/s) VRAD(km/s) 
1.132     11.500     89.884     12.493     51.446    30.986    0.000     0.000     1.000     256.799   258.721   1537.667   0.000      
3.395     34.500     110.367    12.340     51.446    34.432    0.000     0.000     1.000     256.799   258.721   1537.667   0.000      
5.659     57.500     122.938    10.280     51.446    37.985    0.000     0.000     1.000     256.799   258.721   1537.667   0.000      
7.923     80.500     115.481    9.768      51.446    38.246    0.000     0.000     1.000     256.799   258.721   1537.667   0.000      
10.186    103.500    120.931    7.808      51.446    35.454    0.000     0.000     1.000     256.799   258.721   1537.667   0.000      
12.450    126.500    121.418    8.298      51.446    31.352    0.000     0.000     1.000     256.799   258.721   1537.667   0.000      
14.714    149.500    128.226    7.074      51.446    27.606    0.000     0.000     1.000     256.799   258.721   1537.667   0.000      
16.977    172.500    132.655    5.702      51.446    25.066    0.000     0.000     1.000     256.799   258.721   1537.667   0.000      
19.241    195.500    134.279    5.884      51.446    23.735    0.000     0.000     1.000     256.799   258.721   1537.667   0.000      
21.505    218.500    136.819    5.912      51.446    23.122    0.000     0.000     1.000     256.799   258.721   1537.667   0.000      
23.768    241.500    142.397    4.693      51.446    22.645    0.000     0.000     1.000     256.799   258.721   1537.667   0.000      
26.032    264.500    146.012    3.999      51.446    21.941    0.000     0.000     1.000     256.799   258.721   1537.667   0.000      
28.296    287.500    148.825    4.378      51.446    20.979    0.000     0.000     1.000     256.799   258.721   1537.667   0.000      
30.559    310.500    146.860    5.293      51.446    19.991    0.000     0.000     1.000     256.799   258.721   1537.667   0.000      
32.823    333.500    141.071    8.232      51.446    19.312    0.000     0.000     1.000     256.799   258.721   1537.667   0.000      
35.087    356.500    128.729    5.360      51.446    19.266    0.000     0.000     1.000     256.799   258.721   1537.667   0.000      
37.350    379.500    119.309    7.215      51.446    20.184    0.000     0.000     1.000     256.799   258.721   1537.667   0.000      
39.614    402.500    115.790    7.368      51.446    22.508    0.000     0.000     1.000     256.799   258.721   1537.667   0.000      
41.878    425.500    109.337    1.301      51.446    26.821    0.000     0.000     1.000     256.799   258.721   1537.667   0.000      
44.141    448.500    109.708    1.438      51.446    33.416    0.000     0.000     1.000     256.799   258.721   1537.667   0.000      
46.405    471.500    122.536    7.530      51.446    40.906    0.000     0.000     1.000     256.799   258.721   1537.667   0.000      
48.669    494.500    132.020    2.191      51.446    44.655    0.000     0.000     1.000     256.799   258.721   1537.667   0.000      
