#RAD(Kpc) RAD(arcs)  VROT(km/s) DISP(km/s) INC(deg)  P.A.(deg) Z0(pc)    Z0(arcs)  SIG(E20)  XPOS(pix) YPOS(pix) VSYS(km/s) VRAD(km/s) E_VROT1   E_VROT2   E_DISP1   E_DISP2   
0.884     3.500      38.980     18.415     78.956    298.030   0.000     0.000     1.000     254.000   253.000   4085.959   0.000      -5.105    3.834     -2.095    2.530     
2.652     10.500     44.472     7.372      78.956    300.423   0.000     0.000     1.000     254.000   253.000   4085.959   0.000      -2.942    3.761     -3.419    2.572     
4.420     17.500     72.540     34.811     78.956    299.994   0.000     0.000     1.000     254.000   253.000   4085.959   0.000      -6.999    5.821     -5.596    5.136     
6.189     24.500     79.051     9.749      78.956    301.010   0.000     0.000     1.000     254.000   253.000   4085.959   0.000      -11.125   11.125    -3.972    2.946     
7.957     31.500     94.240     9.937      78.956    302.479   0.000     0.000     1.000     254.000   253.000   4085.959   0.000      -17.966   17.966    -5.742    3.576     
9.725     38.500     185.242    9.243      78.956    303.449   0.000     0.000     1.000     254.000   253.000   4085.959   0.000      -49.859   30.090    -4.427    4.427     
11.493    45.500     186.831    8.640      78.956    303.591   0.000     0.000     1.000     254.000   253.000   4085.959   0.000      -53.447   39.801    -5.232    5.232     
13.261    52.500     253.511    9.346      78.956    302.858   0.000     0.000     1.000     254.000   253.000   4085.959   0.000      -53.691   43.974    -26.846   21.987    
15.029    59.500     297.850    8.064      78.956    301.225   0.000     0.000     1.000     254.000   253.000   4085.959   0.000      -37.026   27.595    -18.513   13.797    
16.798    66.500     299.000    8.610      78.956    298.676   0.000     0.000     1.000     254.000   253.000   4085.959   0.000      -20.507   15.668    -10.253   7.834     
18.566    73.500     278.861    7.942      78.956    295.311   0.000     0.000     1.000     254.000   253.000   4085.959   0.000      -24.252   19.159    -8.736    8.736     
20.334    80.500     275.130    9.458      78.956    291.441   0.000     0.000     1.000     254.000   253.000   4085.959   0.000      -17.228   15.492    -6.055    3.783     
22.102    87.500     275.512    9.247      78.956    287.574   0.000     0.000     1.000     254.000   253.000   4085.959   0.000      -16.635   13.037    -7.099    4.831     
23.870    94.500     262.406    13.775     78.956    284.295   0.000     0.000     1.000     254.000   253.000   4085.959   0.000      -9.203    11.281    -9.192    9.192     
25.638    101.500    269.322    10.999     78.956    282.099   0.000     0.000     1.000     254.000   253.000   4085.959   0.000      -9.735    11.072    -10.024   10.385    
27.406    108.500    277.874    16.630     78.956    281.222   0.000     0.000     1.000     254.000   253.000   4085.959   0.000      -11.358   14.319    -12.081   12.081    
29.175    115.500    298.674    7.957      78.956    281.541   0.000     0.000     1.000     254.000   253.000   4085.959   0.000      -12.944   12.221    -10.409   10.409    
30.943    122.500    318.868    8.708      78.956    282.625   0.000     0.000     1.000     254.000   253.000   4085.959   0.000      -13.936   13.144    -4.406    4.406     
32.711    129.500    321.892    22.408     78.956    283.993   0.000     0.000     1.000     254.000   253.000   4085.959   0.000      -12.542   13.996    -9.869    8.732     
34.479    136.500    319.187    9.259      78.956    285.325   0.000     0.000     1.000     254.000   253.000   4085.959   0.000      -12.521   15.658    -13.478   13.478    
36.247    143.500    335.888    11.310     78.956    286.086   0.000     0.000     1.000     254.000   253.000   4085.959   0.000      -13.780   11.991    -9.776    9.538     
38.015    150.500    349.054    10.332     78.956    285.031   0.000     0.000     1.000     254.000   253.000   4085.959   0.000      -13.931   18.034    -12.052   12.052    
