#RAD(Kpc) RAD(arcs)  VROT(km/s) DISP(km/s) INC(deg)  P.A.(deg) Z0(pc)    Z0(arcs)  SIG(E20)  XPOS(pix) YPOS(pix) VSYS(km/s) VRAD(km/s) E_VROT1   E_VROT2   E_DISP1   E_DISP2   
1.774     4.000      200.801    9.086      59.619    180.684   0.000     0.000     1.000     255.746   257.144   7013.790   0.000      -25.553   19.569    -12.777   9.784     
5.323     12.000     229.080    13.840     62.612    172.255   0.000     0.000     1.000     255.746   257.144   7013.790   0.000      -17.123   19.429    -7.229    4.745     
8.872     20.000     236.150    20.076     63.797    170.494   0.000     0.000     1.000     255.746   257.144   7013.790   0.000      -8.488    10.884    -8.193    5.390     
12.421    28.000     248.198    9.731      64.226    171.036   0.000     0.000     1.000     255.746   257.144   7013.790   0.000      -10.160   8.278     -14.672   14.672    
15.970    36.000     250.507    8.824      64.243    170.104   0.000     0.000     1.000     255.746   257.144   7013.790   0.000      -8.653    7.099     -8.389    8.389     
19.519    44.000     255.733    6.718      63.963    167.532   0.000     0.000     1.000     255.746   257.144   7013.790   0.000      -3.916    4.734     -9.172    9.172     
23.068    52.000     264.198    7.953      63.507    164.981   0.000     0.000     1.000     255.746   257.144   7013.790   0.000      -8.890    8.427     -9.357    9.357     
26.617    60.000     253.148    10.216     63.026    163.846   0.000     0.000     1.000     255.746   257.144   7013.790   0.000      -9.333    11.534    -11.970   11.970    
30.166    68.000     242.910    8.787      62.621    164.387   0.000     0.000     1.000     255.746   257.144   7013.790   0.000      -11.092   9.059     -7.541    7.541     
33.715    76.000     232.461    7.839      62.277    165.935   0.000     0.000     1.000     255.746   257.144   7013.790   0.000      -9.670    12.973    -6.763    6.763     
37.264    84.000     240.692    9.422      61.861    167.584   0.000     0.000     1.000     255.746   257.144   7013.790   0.000      -12.641   11.386    -4.384    5.482     
40.813    92.000     239.535    4.463      61.216    168.862   0.000     0.000     1.000     255.746   257.144   7013.790   0.000      -11.780   12.290    -3.418    4.486     
44.362    100.000    247.464    0.869      60.320    170.024   0.000     0.000     1.000     255.746   257.144   7013.790   0.000      -8.017    7.902     -7.520    7.520     
47.911    108.000    258.228    1.297      59.431    171.737   0.000     0.000     1.000     255.746   257.144   7013.790   0.000      -13.358   10.670    -7.553    7.553     
51.459    116.000    263.387    4.069      59.068    174.243   0.000     0.000     1.000     255.746   257.144   7013.790   0.000      -26.964   35.770    -3.345    4.409     
55.008    124.000    196.124    9.035      59.589    176.876   0.000     0.000     1.000     255.746   257.144   7013.790   0.000      -44.757   33.592    -5.125    7.094     
