#RAD(Kpc) RAD(arcs)  VROT(km/s) DISP(km/s) INC(deg)  P.A.(deg) Z0(pc)    Z0(arcs)  SIG(E20)  XPOS(pix) YPOS(pix) VSYS(km/s) VRAD(km/s) E_VROT1   E_VROT2   E_DISP1   E_DISP2   
1.578     11.500     66.421     19.355     70.960    88.220    0.000     0.000     1.000     255.000   256.000   2212.715   0.000      -3.659    2.884     -3.451    3.002     
4.734     34.500     88.697     15.420     70.430    88.220    0.000     0.000     1.000     255.000   256.000   2212.715   0.000      -2.303    2.454     -2.052    1.759     
7.889     57.500     103.461    11.106     69.900    88.220    0.000     0.000     1.000     255.000   256.000   2212.715   0.000      -2.408    2.270     -1.725    1.771     
11.045    80.500     112.494    7.732      69.370    88.220    0.000     0.000     1.000     255.000   256.000   2212.715   0.000      -1.836    1.687     -2.592    2.014     
14.201    103.500    119.935    1.343      68.840    88.220    0.000     0.000     1.000     255.000   256.000   2212.715   0.000      -2.519    2.085     -4.740    4.740     
17.357    126.500    122.983    0.644      68.310    88.220    0.000     0.000     1.000     255.000   256.000   2212.715   0.000      -3.132    3.222     -4.780    4.780     
20.512    149.500    130.557    1.839      67.780    88.220    0.000     0.000     1.000     255.000   256.000   2212.715   0.000      -5.991    7.617     -5.458    5.458     
23.668    172.500    148.223    0.920      67.250    88.220    0.000     0.000     1.000     255.000   256.000   2212.715   0.000      -9.494    11.169    -4.988    4.988     
26.824    195.500    154.916    0.200      66.720    88.220    0.000     0.000     1.000     255.000   256.000   2212.715   0.000      -13.440   15.562    -4.902    4.902     
