#RAD(Kpc) RAD(arcs)  VROT(km/s) DISP(km/s) INC(deg)  P.A.(deg) Z0(pc)    Z0(arcs)  SIG(E20)  XPOS(pix) YPOS(pix) VSYS(km/s) VRAD(km/s) E_VROT1   E_VROT2   E_DISP1   E_DISP2   
0.833     7.500      63.781     11.949     65.228    210.946   0.000     0.000     1.000     256.577   255.764   1799.627   0.000      -15.551   12.354    -6.469    9.731     
2.498     22.500     85.283     11.066     65.228    210.946   0.000     0.000     1.000     256.577   255.764   1799.627   0.000      -23.659   23.659    -9.214    12.290    
4.163     37.500     196.378    5.634      65.228    210.946   0.000     0.000     1.000     256.577   255.764   1799.627   0.000      -14.239   11.666    -5.328    6.729     
5.829     52.500     200.578    9.753      65.228    210.946   0.000     0.000     1.000     256.577   255.764   1799.627   0.000      -5.920    7.171     -5.278    5.278     
7.494     67.500     202.871    9.144      65.228    210.946   0.000     0.000     1.000     256.577   255.764   1799.627   0.000      -4.400    4.296     -5.474    4.331     
9.160     82.500     205.688    8.234      65.228    210.946   0.000     0.000     1.000     256.577   255.764   1799.627   0.000      -5.210    4.795     -5.004    5.004     
10.825    97.500     208.888    8.233      65.228    210.946   0.000     0.000     1.000     256.577   255.764   1799.627   0.000      -5.514    5.575     -4.579    4.579     
12.490    112.500    209.604    6.704      65.228    210.946   0.000     0.000     1.000     256.577   255.764   1799.627   0.000      -7.029    6.119     -2.777    3.551     
14.156    127.500    195.410    8.364      65.228    210.946   0.000     0.000     1.000     256.577   255.764   1799.627   0.000      -8.400    7.890     -5.014    5.014     
15.821    142.500    186.129    5.676      65.228    210.946   0.000     0.000     1.000     256.577   255.764   1799.627   0.000      -4.141    5.174     -3.654    3.654     
17.486    157.500    190.465    2.880      65.228    210.946   0.000     0.000     1.000     256.577   255.764   1799.627   0.000      -5.088    4.864     -4.360    4.360     
19.152    172.500    192.099    1.593      65.228    210.946   0.000     0.000     1.000     256.577   255.764   1799.627   0.000      -4.974    4.693     -4.057    4.057     
20.817    187.500    198.407    0.890      65.228    210.946   0.000     0.000     1.000     256.577   255.764   1799.627   0.000      -8.724    9.865     -2.133    2.133     
22.483    202.500    217.007    0.599      65.228    210.946   0.000     0.000     1.000     256.577   255.764   1799.627   0.000      -16.660   14.127    -2.338    2.101     
24.148    217.500    202.727    0.834      65.228    210.946   0.000     0.000     1.000     256.577   255.764   1799.627   0.000      -22.774   31.201    -1.773    1.773     
25.813    232.500    189.649    0.458      65.228    210.946   0.000     0.000     1.000     256.577   255.764   1799.627   0.000      -17.031   23.177    -1.788    1.788     
