24 18 8 0.20 1.99 0.22 0.10 4.31 84
33 31 10 0.31 0.15 0.32 2.09 3.62 20
31 21 11 0.33 1.94 1.34 0.17 4.32 73
5 3 2 0.01 0.01 0.32 0.50 3.06 14
8 3 2 0.02 0.06 0.36 0.25 2.98 25
8 5 2 0.01 0.16 0.28 0.07 2.39 42
55 32 18 0.92 4.19 0.53 0.22 3.86 81
56 29 14 0.81 14.83 0.23 0.20 0.05 3.33 151
48 34 14 0.79 12.68 0.20 0.39 0.06 4.44 151
33 14 11 0.20 3.73 0.79 0.82 0.05 2.34 98
47 36 14 0.72 21.31 0.19 0.03 4.11 197
43 36 16 0.44 27.43 0.09 0.02 2.97 233
76 45 21 2.12 37.43 0.37 0.06 4.69 206
106 51 36 2.41 63.44 0.24 0.04 2.73 227
91 70 31 2.55 71.50 0.16 0.13 0.04 3.96 261
14 8 4 0.05 0.36 0.22 0.87 0.14 3.18 47
41 23 11 0.62 7.33 0.32 0.38 0.08 4.64 124
59 45 29 1.77 33.05 0.24 0.05 6.47 219
32 21 10 0.26 7.38 0.29 0.17 0.03 3.10 140
15 9 5 0.06 2.02 0.12 0.15 0.03 3.26 106
69 18 15 0.60 9.68 0.55 1.33 0.06 1.59 110
13 8 3 0.07 0.54 0.26 0.13 5.35 60
58 30 17 0.82 10.66 0.25 0.18 0.08 3.12 126
17 7 5 0.09 0.91 0.77 1.18 0.10 3.97 68
47 33 12 0.44 22.47 0.07 0.07 0.02 2.55 203
53 24 16 0.42 13.45 0.35 0.18 0.03 1.90 148
68 18 22 0.74 40.41 0.51 0.02 2.02 226
74 37 25 1.49 1.46 0.29 0.39 1.02 3.47 41
34 18 10 0.37 3.52 0.62 1.65 0.11 4.11 94
18 13 7 0.06 8.20 0.04 0.03 0.01 2.24 198
40 24 14 0.33 8.38 0.09 0.04 2.61 134
27 18 9 0.20 7.54 0.09 0.03 3.53 155
42 25 11 0.70 11.38 0.24 0.44 0.06 4.99 152
7 6 2 0.01 0.32 0.06 0.14 0.04 3.64 63
102 51 41 2.17 45.50 0.27 0.05 2.66 196
58 22 15 0.89 7.86 0.54 2.42 0.11 3.39 108
35 22 9 0.25 9.41 0.16 0.03 2.70 153
42 25 13 0.52 18.54 0.23 0.24 0.03 3.81 195
20 13 7 0.14 0.78 0.15 1.27 0.18 4.46 58
32 20 10 0.32 4.58 0.30 1.25 0.07 4.03 111
63 33 18 1.20 22.19 0.36 0.41 0.05 3.91 175
74 37 20 1.49 16.53 0.32 0.75 0.09 3.46 139
25 13 8 0.18 4.35 0.25 0.75 0.04 3.69 122
26 16 8 0.22 6.76 0.28 0.03 4.24 149
57 47 21 1.30 17.74 0.43 0.07 5.09 164
97 60 28 3.09 84.82 0.14 0.04 4.18 274
30 16 9 0.27 5.88 0.32 0.30 0.05 3.81 130
32 22 11 0.16 20.09 0.08 0.04 0.01 1.98 232
53 26 18 0.66 9.18 0.68 1.46 0.07 2.99 122
39 25 13 0.30 10.14 0.12 0.17 0.03 2.47 149
20 8 6 0.16 3.22 0.23 0.05 4.90 117
27 19 8 0.16 8.16 0.06 0.06 0.02 2.78 161
48 21 14 0.55 12.45 0.16 0.21 0.04 3.05 149
33 20 10 0.20 6.19 0.13 0.21 0.03 2.33 127
18 11 5 0.20 3.58 0.13 0.21 0.06 8.05 132
38 35 13 0.37 20.58 0.06 0.06 0.02 3.26 216
17 10 5 0.05 4.29 0.11 0.11 0.01 2.38 147
6 4 2 0.01 0.05 0.48 0.24 4.60 28
22 14 6 0.13 4.39 0.10 0.17 0.03 3.47 131
40 25 14 0.37 13.56 0.13 0.12 0.03 2.86 170
8 6 2 0.02 0.57 0.17 0.52 0.04 4.49 79
36 19 9 0.37 14.34 0.28 0.13 0.03 3.57 184
31 15 9 0.25 4.01 0.33 0.60 0.06 3.20 105
27 22 9 0.22 10.75 0.09 0.06 0.02 3.90 187
20 9 6 0.11 10.96 0.13 0.08 0.01 3.56 216
25 9 7 0.19 2.11 0.95 0.09 3.97 86
44 28 12 0.58 8.16 0.20 0.29 0.07 3.81 126
46 26 13 0.66 6.98 0.29 0.55 0.09 3.97 114
7 6 2 0.02 0.46 0.07 0.04 5.20 76
57 36 16 0.81 25.13 0.25 0.03 3.23 196
24 13 8 0.16 0.70 1.01 0.23 3.63 50
15 7 4 0.05 1.16 0.38 0.87 0.05 3.08 82
32 25 12 0.31 6.70 0.31 0.21 0.05 3.82 134
67 34 16 0.92 35.76 0.21 0.03 2.62 215
61 40 17 1.28 21.88 0.25 0.06 4.44 176
33 20 10 0.35 6.32 0.34 0.49 0.06 4.10 128
83 53 26 1.59 63.13 0.23 0.13 0.03 2.95 256
114 48 37 2.57 73.92 0.35 0.03 2.52 236
28 26 8 0.37 11.00 0.07 0.03 6.13 184
46 29 15 0.64 11.27 0.65 0.06 3.86 145
25 15 8 0.16 4.77 0.13 0.12 0.03 3.34 128
26 23 10 0.42 10.74 0.11 0.09 0.04 7.64 187
44 33 16 0.60 18.65 0.11 0.03 4.02 192
32 22 9 0.37 5.44 0.23 0.42 0.07 4.49 120
78 56 24 1.13 64.70 0.13 0.02 2.36 267
23 12 6 0.19 3.46 0.14 0.05 4.49 113
24 18 7 0.25 2.12 0.28 0.12 5.55 87
22 15 7 0.17 2.69 0.41 1.11 0.06 4.31 102
33 26 11 0.32 4.57 0.26 0.31 0.07 3.65 109
31 26 9 0.49 8.91 0.09 0.11 0.06 6.68 158
125 60 42 3.07 74.55 0.38 0.04 2.50 226
20 12 6 0.11 1.94 0.28 0.43 0.06 3.52 91
21 12 7 0.10 2.14 0.25 0.37 0.05 2.83 94
22 17 7 0.16 6.74 0.09 0.06 0.02 4.14 161
52 26 14 0.95 9.77 0.57 0.40 0.10 4.54 128
69 35 21 1.51 27.67 0.46 0.05 4.00 185
23 17 6 0.21 2.63 0.20 0.08 5.26 100
105 58 35 2.80 52.81 0.28 0.05 3.22 208
34 27 13 0.44 11.04 0.08 0.07 0.04 4.90 168
41 28 11 0.61 19.13 1.43 0.03 4.60 200
26 14 9 0.28 2.41 2.15 0.84 0.12 5.54 90
43 20 14 0.29 5.30 0.26 0.37 0.05 1.98 103
39 19 11 0.43 7.80 0.45 0.57 0.06 3.69 132
10 6 3 0.03 0.96 0.30 0.90 0.03 3.57 91
21 9 7 0.13 1.55 1.05 1.96 0.09 3.70 79
73 54 26 1.46 42.21 0.35 0.03 3.48 223
31 20 9 0.26 4.96 0.65 0.29 0.05 3.37 117
32 17 10 0.35 3.91 3.99 2.35 0.09 4.43 103
