1006 0.97 0.05
1000 1.07 0.05
988 1.30 0.03
983 1.29 0.03
676 1.31 0.04
587 0.93 0.11
581 0.46 0.11
553 1.15 0.05
1004 1.56 0.02		
240	1.15  0.06		
361	1.20  0.03		
571	1.04  0.07		
736 1.65  0.01
1019	1.18  0.03	
147	1.26  0.04		
292	1.47  0.03		
421 1.14  0.06		
604 1.56  0.02		
744 1.28  0.05
102 0.72  0.07		
159 1.52  0.02			
314 1.33  0.03			
463 1.3979 0.255	
85 1.30  0.10
103 1.49  0.03		
188 1.51  0.04			
329 	1.42  0.03			
512 1.33  0.03			
626 1.50  0.02			
96  1.57  0.03
123 1.26  0.03		
232 1.22  0.03			
359 1.04  0.06			
551 1.30  0.03			
660 1.01  0.05
616 1.11  0.04
812 1.08  0.04
