CIG    1     0 00 31.92  -02 11 33.8     0 03  5.63  -01 54 51.6  
CIG    2     0 00 46.30   29 31  8.0     0 03 20.37   29 47 50.2  
CIG    3     0 00 47.77   30 30 13.4     0 03 21.86   30 46 55.7  
CIG    4     0 01 24.75   20 28 26.5     0 03 58.77   20 45  8.7  
CIG    5     0 05 19.86   20 08  2.8     0 07 54.30   20 24 44.6  
CIG    6     0 06 20.00   23 32 21.1     0 08 54.70   23 49  2.8  
CIG    7     0 08 32.54    2 23 59.5     0 11  6.39    2 40 40.8  
CIG    8     0 09 34.64   11 46  2.9     0 12  9.04   12 02 44.0  
CIG    9     0 10  4.23    5 13 38.2     0 12 38.26    5 30 19.2  
CIG   10     0 10 24.24   38 58  4.0     0 13  0.74   39 14 45.0  
CIG   11     0 11 58.22  -01 00 51.0     0 14 31.88  -00 44 10.4  
CIG   12     0 13 22.82   13 47 50.8     0 15 57.60   14 04 31.0  
CIG   13     0 13 40.36   10 03 15.3     0 16 14.87   10 19 55.5  
CIG   14     0 16 18.54   10 18 59.8     0 18 53.21   10 35 39.1  
CIG   15     0 18 29.95   26 14  9.6     0 21  6.54   26 30 48.1  
CIG   16     0 19  1.45    0 53 17.4     0 21 35.28    1 09 55.8  
CIG   17     0 20 47.18    1 34 10.0     0 23 21.10    1 50 47.6  
CIG   18     0 21 16.25   28 03 22.7     0 23 53.50   28 20  0.1  
CIG   19     0 21 40.80   13 57 35.5     0 24 16.21   14 14 12.7  
CIG   20     0 22 18.60   43 23  8.2     0 24 58.86   43 39 45.1  
CIG   21     0 22 59.60   17 07  0.9     0 25 35.52   17 23 37.5  
CIG   22     0 25  0.49    8 36  2.8     0 27 35.39    8 52 38.4  
CIG   23     0 27  7.07   21 11 60.0     0 29 44.02   21 28 34.5  
CIG   24     0 28 20.21    5 20 44.1     0 30 54.76    5 37 18.0  
CIG   25     0 28 22.82    9 55 56.1     0 30 58.08   10 12 30.0  
CIG   26     0 29 12.30   37 24  9.8     0 31 52.85   37 40 43.2  
CIG   27     0 30 53.15   22 37 38.3     0 33 30.80   22 54 10.7  
CIG   28     0 31 24.75   43 52 10.9     0 34  7.68   44 08 42.9  
CIG   29     0 32 10.11   28 08  6.4     0 34 49.07   28 24 38.0  
CIG   30     0 35  4.25   10 04 59.5     0 37 39.88   10 21 29.2  
CIG   31     0 35 59.86   41 43 21.0     0 38 43.30   41 59 50.0  
CIG   32     0 40 18.05   26 58 46.1     0 42 57.95   27 15 11.9  
CIG   33     0 40 54.14  -00 23 52.2     0 43 27.81  -00 07 26.9  
CIG   34     0 44 10.03   26 12  6.9     0 46 50.28   26 28 29.5  
CIG   35     0 48 18.21   44 26 39.8     0 51  6.10   44 42 58.6  
CIG   36     0 48 40.63   40 27 14.0     0 51 26.76   40 43 32.4  
CIG   37     0 51 22.41   30 04 28.3     0 54  5.01   30 20 44.1  
CIG   38     0 51 56.89   36 29 39.5     0 54 42.07   36 45 54.8  
CIG   39     0 52  3.07   21 15  7.0     0 54 42.83   21 31 22.2  
CIG   40     0 52 12.82   10 16  0.4     0 54 49.38   10 32 15.4  
CIG   41     0 55 37.42   36 27 38.8     0 58 23.36   36 43 50.2  
CIG   42     1 01 38.97   18 25 41.9     1 04 18.79   18 41 46.6  
CIG   43     1 03 20.90    3 49 23.3     1 05 55.91    4 05 26.0  
CIG   44     1 03 58.43   10 15 16.2     1 06 35.60   10 31 18.1  
CIG   45     1 04 43.04   16 25  3.6     1 07 22.41   16 41  4.5  
CIG   46     1 07 30.39   22 41 22.7     1 10 12.43   22 57 20.0  
CIG   47     1 13 28.90   24 55 40.7     1 16 12.65   25 11 30.0  
CIG   48     1 14  8.85   22 53 22.0     1 16 51.76   23 09 10.4  
CIG   49     1 15 30.82   11 07  7.8     1 18  8.91   11 22 54.2  
CIG   50     1 23 47.16    6 01  6.8     1 26 23.50    6 16 40.8  
CIG   51     1 25  8.76   32 43 56.7     1 27 58.41   32 59 28.3  
CIG   52     1 27 17.13   29 31  5.5     1 30  5.21   29 46 33.6  
CIG   53     1 28  2.90   21 10 57.1     1 30 46.54   21 26 24.0  
CIG   54     1 30 54.70   12 19 46.0     1 33 34.21   12 35  8.1  
CIG   55     1 32 26.12   21 38 46.7     1 35 10.47   21 54  6.2  
CIG   56     1 33 26.16    0 24 31.0     1 36  0.13    0 39 48.8  
CIG   57     1 35 13.49    2 02 12.6     1 37 48.25    2 17 27.3  
CIG   58     1 35 42.57   28 28  9.5     1 38 31.27   28 43 23.1  
CIG   59     1 35 43.70    7 16 49.1     1 38 21.00    7 32  2.9  
CIG   60     1 37 41.09  -00 46  1.3     1 40 14.50  -00 30 51.0  
CIG   61     1 39 39.60   25 53 28.1     1 42 27.25   26 08 34.5  
CIG   62     1 41 39.41   37 26 43.8     1 44 35.49   37 41 46.3  
CIG   63    1 42  5.26    4 38 24.0     1 44 41.42    4 53 26.0  
CIG   64     1 44  2.36   24 12 57.0     1 46 49.50   24 27 55.0  
CIG   65     1 44  0.08   33 08 25.9     1 46 53.27   33 23 23.9  
CIG   66     1 47 40.33   86 25 43.5     1 59  0.32   86 40 25.8  
CIG   67     1 50 27.43   22 28 31.7     1 53 14.19   22 43 17.0  
CIG   68     1 50 37.24    3 56 58.8     1 53 13.20    4 11 43.9  
CIG   69     1 50 50.49   29 41 17.1     1 53 42.23   29 56  1.5  
CIG   70     1 52  1.74   28 17 53.7     1 54 52.65   28 32 35.6  
CIG   71     1 52 36.45    9 46  9.6     1 55 15.73   10 00 50.5  
CIG   72     1 52 44.56    6 21 58.0     1 55 21.91    6 36 38.7  
CIG   73     1 52 54.10   22 49 41.1     1 55 41.35   23 04 21.3  
CIG   74     1 54 27.97   28 20 46.9     1 57 19.25   28 35 23.7  
CIG   75     1 54 27.04   11 17  8.2     1 57  7.29   11 31 45.3  
CIG   76     1 54 43.12   16 58 38.4     1 57 26.81   17 13 14.8  
CIG   77     1 54 52.76   16 31 45.9     1 57 36.19   16 46 22.0  
CIG   78     1 55 33.64    1 49 16.9     1 58  8.47    2 03 51.7  
CIG   79     1 55 32.95   20 43  9.0     1 58 19.10   20 57 43.6  
CIG   80     1 56 34.77   18 45 54.8     1 59 19.75   19 00 27.2  
CIG   81     1 57 27.86   12 24 51.5     2 00  8.95   12 39 22.0  
CIG   82     1 57 38.07   32 13 35.1     2 00 32.81   32 28  5.1  
CIG   83     1 58 24.27   33 05 23.0     2 01 19.84   33 19 51.3  
CIG   84     1 59 50.76   10 51 10.3     2 02 31.02   11 05 35.7  
CIG   85     2 00 32.89   21 48  5.5     2 03 20.26   22 02 29.2  
CIG   86     2 02 32.23   30 56 12.3     2 05 26.68   31 10 31.4  
CIG   87     2 02 59.58    6 32  1.3     2 05 37.33    6 46 19.7  
CIG   88     2 03 36.04   26 47 42.1     2 06 27.36   27 01 58.9  
CIG   89     2 05 40.65   10 45 29.1     2 08 21.13   10 59 41.3  
CIG   90     2 06  6.09   25 47 56.7     2 08 56.96   26 02  7.8  
CIG   91     2 06 23.63   25 20  3.8     2 09 14.19   25 34 14.2  
CIG   92     2 07  0.93   29 16 33.4     2 09 54.67   29 30 42.3  
CIG   93     2 08 46.12   11 36  4.3     2 11 27.30   11 50  9.4  
CIG   94     2 10 42.64   25 37 17.6     2 13 33.93   25 51 17.9  
CIG   95     2 12 32.07   21 46 27.4     2 15 20.61   22 00 23.3  
CIG   96     2 12 50.11    5 46 13.6     2 15 27.64    6 00  9.1  
CIG   97     2 18 16.06   23 22 20.9     2 21  6.41   23 36  2.7  
CIG   98     2 18 35.68   30 48 54.0     2 21 32.38   31 02 34.8  
CIG   99     2 19 46.89    5 37  8.6     2 22 24.49    5 50 46.8  
CIG  100     2 21 54.30    1 36 55.0     2 24 29.21    1 50 27.9  
CIG  101     2 22 40.77    4 13  6.2     2 25 17.47    4 26 37.1  
CIG  102     2 22 54.50   39 14 45.9     2 26  0.53   39 28 15.6  
CIG  103     2 23  4.00   18 16 16.9     2 25 50.82   18 29 46.6  
CIG  104     2 23 36.83   29 36 22.0     2 26 33.12   29 49 50.1  
CIG  105     2 24 17.11   33 21 15.2     2 27 17.07   33 34 41.4  
CIG  106     2 25 23.36   29 13 57.9     2 28 19.55   29 27 21.3  
CIG  107     2 27 14.60   32 54 37.0     2 30 14.57   33 07 55.5  
CIG  108     2 27 44.95   26 56 13.0     2 30 39.35   27 09 30.3  
CIG  109     2 27 44.53   36 54 53.1     2 30 48.81   37 08 10.2  
CIG  110     2 33  5.26    3 50  4.0     2 35 41.86    4 03  7.3  
CIG  111     2 33 20.21   26 57 42.9     2 36 15.28   27 10 45.1  
CIG  112     2 33 22.76   25 12 20.7     2 36 16.25   25 25 22.8  
CIG  113     2 35 44.80    7 46 38.9     2 38 24.38    7 59 34.8  
CIG  114     2 36  2.16    3 49 49.0     2 38 38.80    4 02 44.2  
CIG  115     2 36 15.10    8 52 54.9     2 38 55.53    9 05 49.4  
CIG  116     2 39 31.90   34 33  5.4     2 42 35.48   34 45 50.2  
CIG  117     2 42 40.90   11 14 53.7     2 45 23.43   11 27 30.0  
CIG  118     2 45  3.71    9 08 54.4     2 47 44.66    9 21 23.9  
CIG  119     2 45 55.88    6 18 53.8     2 48 34.62    6 31 20.8  
CIG  120     2 50 11.67   25 17 11.6     2 53  6.99   25 29 25.6  
CIG  121     2 56 46.45   25 02 20.2     2 59 42.18   25 14 14.3  
CIG  122     2 59 23.76   17 08 57.4     3 02 12.21   17 20 43.7  
CIG  123     3 10 13.58    4 31 13.8     3 12 51.30    4 42 26.0  
CIG  124     3 16 17.88    6 21 24.0     3 18 57.34    6 32 16.2  
CIG  125     3 20 45.66    8 44  6.2     3 23 27.39    8 54 43.4  
CIG  126     3 21 11.54   16 00 22.7     3 24  0.17   16 10 58.2  
CIG  127     3 27  2.33  -01 42 43.9     3 29 34.56  -01 32 27.9  
CIG  128     3 28 49.73    4 12 41.8     3 31 27.44    4 22 51.4  
CIG  129     3 30  2.50    1 12 52.3     3 32 37.43    1 22 57.8  
CIG  130     3 32 54.77    4 54  6.9     3 35 33.18    5 04  2.3  
CIG  131     3 33 55.84   20 57 45.1     3 36 50.32   21 07 36.4  
CIG  132     3 39 29.64    4 04 27.2     3 42  7.35    4 13 59.1  
CIG  133     3 48 32.65    3 38 45.1     3 51 10.04    3 47 44.2  
CIG  134     3 49 41.88  -01 39 23.5     3 52 14.04  -01 30 28.6  
CIG  135     3 51 45.92   10 33 38.8     3 54 30.32   10 42 25.7  
CIG  136     3 53 35.63   27 13 17.0     3 56 38.84   27 21 56.5  
CIG  137     3 57 47.81   20 54 48.4     4 00 43.69   21 03 12.3  
CIG  138     4 00 12.56    1 49 39.8     4 02 48.21    1 57 55.2  
CIG  139     4 01 55.76  -02 19 27.9     4 04 27.19  -02 11 18.9  
CIG  140     4 05 53.60   27 03 58.6     4 08 57.51   27 11 51.4  
CIG  141     4 06 48.68   74 52 36.8     4 13  2.66   75 00 19.9  
CIG  142     4 08 52.33   86 04 30.0     4 26 18.15   86 11 43.3  
CIG  143     4 09 43.41    5 25 11.8     4 12 22.84    5 32 50.5  
CIG  144     4 10 36.86   25 21 24.2     4 13 38.89   25 28 58.7  
CIG  145     4 14 35.44    4 39 34.6     4 17 14.13    4 46 54.3  
CIG  146     4 16 18.78    5 18 50.0     4 18 58.17    5 26  2.9  
CIG  147     4 17  3.13   75 10 42.9     4 23 26.78   75 17 45.5  
CIG  148     4 19 18.15    3 55 52.6     4 21 56.11    4 02 53.7  
CIG  149     4 19 39.54    7 06 14.6     4 22 20.89    7 13 14.2  
CIG  150     4 25  7.84  -02 39 14.0     4 27 38.78  -02 32 35.9  
CIG  151     4 27  4.90    3 34 26.1     4 29 42.53    3 40 56.1  
CIG  152     4 28 28.06  -02 06 36.4     4 30 59.57  -02 00 11.8  
CIG  153     4 44  2.41   86 08 32.3     5 02 35.54   86 13 20.0  
CIG  154     4 45  9.55    1 43 53.0     4 47 45.24    1 49  9.1  
CIG  155     4 49 42.40   78 06 40.4     4 57 21.30   78 11 27.0  
CIG  156     5 08  8.86    0 20 50.7     5 10 43.01    0 24 30.1  
CIG  157     5 10 12.21    2 39 35.6     5 12 49.01    2 43  6.1  
CIG  158     5 24 49.40    1 13  0.9     5 27 24.56    1 15 28.5  
CIG  159     5 32  7.81   77 16 58.1     5 39 36.33   77 18 43.5  
CIG  160     5 37 17.10   69 52  7.0     5 42 52.54   69 53 34.0  
CIG  161     5 37 21.22   75 35 50.7     5 44 14.44   75 37 14.6  
CIG  162     5 39 21.88   72 20  6.2     5 45 24.93   72 21 23.1  
CIG  163     5 39 14.74   73 35 16.5     5 45 34.81   73 36 33.3  
CIG  164     5 48 25.67   74 42 17.3     5 55  3.65   74 42 53.4  
CIG  165     6 08  5.53   69 44 33.1     6 13 40.03   69 43 45.5  
CIG  166     6 09  0.89   75 57  6.2     6 16  1.10   75 56 11.5  
CIG  167     6 18 40.74   73 09 22.5     6 24 53.99   73 07 47.3  
CIG  168     6 22 31.18   59 06 35.5     6 26 55.88   59 04 47.6  
CIG  169     6 24 10.54   67 58 34.0     6 29 28.18   67 56 37.0  
CIG  170     6 26  4.96   75 54 11.3     6 33  2.20   75 52  2.4  
CIG  171     6 26 44.66   71 35 49.2     6 32 37.33   71 33 39.8  
CIG  172     6 42  4.64   46 06  7.3     6 45 46.47   46 02 56.4  
CIG  173     6 43 47.14   47 42 35.4     6 47 32.79   47 39 17.1  
CIG  174     6 49 33.43   55 02  9.0     6 53 40.18   54 58 25.2  
CIG  175     6 50  2.22   69 37 37.4     6 55 30.83   69 33 48.6  
CIG  176     6 50 19.22   80 04  9.1     6 59  2.53   80 00 12.2  
CIG  177     6 55 10.30   59 35 15.0     6 59 34.16   59 31  6.7  
CIG  178     7 04  8.23   61 23  4.8     7 08 39.13   61 18 18.5  
CIG  179     7 07 56.16   47 01 10.2     7 11 38.19   46 56  9.7  
CIG  180     7 08 46.12   47 15  4.3     7 12 28.62   47 10  0.3  
CIG  181     7 11 48.55   67 12  0.2     7 16 52.61   67 06 40.8  
CIG  182     7 11 54.51   49 41  9.9     7 15 42.82   49 35 52.7  
CIG  183     7 15 25.83   27 15  1.1     7 18 31.98   27 09 30.8  
CIG  184     7 16  0.78   49 57 16.8     7 19 49.33   49 51 42.6  
CIG  185     7 17 56.21   29 25 59.6     7 21  5.32   29 20 18.8  
CIG  186     7 18 49.27   29 35 35.0     7 21 58.56   29 29 50.6  
CIG  187     7 20  4.08   41 31 55.8     7 23 33.16   41 26  5.6  
CIG  188     7 19 57.66   61 47 32.4     7 24 27.79   61 41 40.6  
CIG  189     7 23  2.87   43 23 48.6     7 26 35.40   43 17 46.1  
CIG  190    7 24 50.01   40 52 20.7     7 28 17.39   40 46 11.1  
CIG  191     7 25  8.48   49 14 24.3     7 28 54.07   49 08 12.8  
CIG  192     7 25 54.38   52 54 45.2     7 29 49.92   52 48 30.3  
CIG  193     7 26 10.92   28 00 12.6     7 29 17.53   27 53 58.2  
CIG  194     7 28 26.94   83 54  8.6     7 40 28.56   83 47 27.0  
CIG  195     7 28 58.13   65 33 14.4     7 33 46.97   65 26 45.3  
CIG  196     7 29 19.90   35 43 20.5     7 32 37.85   35 36 52.9  
CIG  197     7 32  1.59   65 42 52.2     7 36 50.65   65 36 10.8  
CIG  198     7 34 11.50   46 30 40.1     7 37 49.45   46 23 52.4  
CIG  199     7 35 15.73   37 44 51.7     7 38 36.53   37 38  0.3  
CIG  200     7 37 53.50   66 22 34.5     7 42 45.20   66 15 29.7  
CIG  201     7 39 32.82   67 23 36.3     7 44 30.94   67 16 24.6  
CIG  202     7 39 53.52   70 09 10.9     7 45 13.59   70 01 57.2  
CIG  203     7 41 15.47   38 09 54.8     7 44 36.40   38 02 39.6  
CIG  204     7 41 30.80   46 11 36.8     7 45  7.10   46 04 20.1  
CIG  205     7 45 19.99   23 21 48.1     7 48 19.42   23 14 17.7  
CIG  206     7 46 20.40   71 09 16.1     7 51 47.51   71 01 37.0  
CIG  207     7 46 53.20   26 09 49.3     7 49 56.06   26 02 12.7  
CIG  208     7 47 55.95   24 01 25.2     7 50 56.05   23 53 44.6  
CIG  209     7 48 12.57   68 13 36.0     7 53 13.94   68 05 50.4  
CIG  210     7 48 42.09   32 47 16.0     7 51 53.87   32 39 32.1  
CIG  211     7 50  5.25   32 40 25.4     7 53 16.75   32 32 36.0  
CIG  212     7 50 48.63   21 10 49.0     7 53 45.12   21 02 57.4  
CIG  213     7 51  2.53   39 30 12.0     7 54 24.69   39 22 18.7  
CIG  214     7 52  3.65   39 19  8.8     7 55 25.38   39 11 11.5  
CIG  215     7 52  2.44   63 44 30.8     7 56 34.76   63 36 31.3  
CIG  216     7 52 41.81   21 33 53.0     7 55 38.66   21 25 54.1  
CIG  217     7 53 19.23   49 42  4.9     7 57  1.84   49 34  2.1  
CIG  218     7 54  5.38   71 53 19.4     7 59 36.70   71 45 10.2  
CIG  219     7 54  5.51   22 39 28.5     7 57  3.57   22 31 24.2  
CIG  220     7 56 15.58   22 57 16.6     7 59 13.87   22 49  4.1  
CIG  221     7 57 32.35   21 16 28.4     8 00 28.58   21 08 11.0  
CIG  222     7 57 39.04   22 32 18.6     8 00 36.75   22 24  0.8  
CIG  223     7 58 11.21   25 41 42.6     8 01 12.71   25 33 22.6  
CIG  224     7 58  8.39   50 52 36.4     8 01 53.08   50 44 15.2  
CIG  225     7 59  1.71   32 27 16.9     8 02 12.08   32 18 53.4  
CIG  226     7 59 12.94   21 23 34.3     8 02  9.22   21 15 10.6  
CIG  227     8 01 52.67   20 50 13.9     8 04 48.15   20 41 40.2  
CIG  228     8 02 59.37   56 02 49.0     8 06 57.71   55 54  9.2  
CIG  229     8 03 27.96   11 56 15.6     8 06 13.69   11 47 36.3  
CIG  230     8 05 17.07   63 24 18.7     8 09 43.77   63 15 29.4  
CIG  231     8 05 58.66   44 04 55.5     8 09 27.17   43 56  5.5  
CIG  232     8 07  3.28   34 06 16.0     8 10 15.20   33 57 22.5  
CIG  233     8 08 34.65   27 41 16.9     8 11 37.84   27 32 18.0  
CIG  234     8 09  7.89   19 30 52.4     8 12  1.48   19 21 51.8  
CIG  235    8 09 42.58   46 08 34.8     8 13 14.56   45 59 30.9  
CIG  236     8 10  4.45    9 32 15.7     8 12 47.53    9 23 11.9  
CIG  237     8 10  9.78   52 47 59.1     8 13 57.12   52 38 53.0  
CIG  238     8 11  2.50   39 24 13.7     8 14 22.05   39 15  5.3  
CIG  239    8 14  0.20   70 52 29.6     8 19 12.68   70 43  6.9  
CIG  240     8 15 40.29   68 45 30.1     8 20 35.05   68 36  1.9  
CIG  241     8 16 22.65   19 28 15.1     8 19 15.77   19 18 48.0  
CIG  242     8 16 24.26   23 54 17.3     8 19 22.31   23 44 50.0  
CIG  243     8 16 44.71   20 05 23.9     8 19 38.48   19 55 55.5  
CIG  244     8 17  8.00   27 15  6.2     8 20  9.94   27 05 36.2  
CIG  245     8 19 21.44    8 54 48.1     8 22  3.65    8 45 10.7  
CIG  246     8 20 30.30   61 42 20.4     8 24 44.53   61 32 36.2  
CIG  247     8 21  3.95   14 54 55.4     8 23 52.06   14 45 11.7  
CIG  248     8 21 23.57   17 29 40.4     8 24 14.31   17 19 55.5  
CIG  249     8 22 15.39   25 10 46.1     8 25 14.46   25 00 57.9  
CIG  250     8 22 34.76   46 07 56.3     8 26  4.51   45 58  6.0  
CIG  251     8 23  9.98   64 23 35.5     8 27 35.58   64 13 41.6  
CIG  252     8 23 33.19   11 40  3.9     8 26 17.96   11 30 11.5  
CIG  253     8 24 50.20    2 00 50.0     8 27 25.74    1 50 53.4  
CIG  254     8 25  9.34    8 15 35.8     8 27 50.77    8 05 37.9  
CIG  255     8 25 40.19    1 10 13.5     8 28 14.93    1 00 14.0  
CIG  256     8 25 35.32   69 11 46.9     8 30 28.86   69 01 43.6  
CIG  257     8 27 50.37   24 47  2.2     8 30 48.53   24 36 54.4  
CIG  258     8 28 46.77   28 42 22.2     8 31 49.40   28 32 11.0  
CIG  259     8 29  0.18  -01 01 41.9     8 31 32.88  -01 11 53.0  
CIG  260     8 29  6.14   24 10 50.7     8 32  3.53   24 00 38.5  
CIG  261    8 29 30.05    3 48 14.7     8 32  7.21    3 38  1.8  
CIG  262     8 29 50.94   56 59 27.1     8 33 45.51   56 49 10.8  
CIG  263     8 31 23.81   12 09 36.2     8 34  8.76   11 59 16.5  
CIG  264     8 32 57.19   30 26 24.2     8 36  1.48   30 15 58.6  
CIG  265     8 34  1.76   51 49 40.9     8 37 41.37   51 39 10.6  
CIG  266     8 33 29.72   69 11 44.0     8 38 19.53   69 01 13.6  
CIG  267     8 34  8.80   71 52 45.3     8 39 19.97   71 42 12.0  
CIG  268     8 34 49.96   20 40 50.0     8 37 43.17   20 30 18.3  
CIG  269     8 34 54.53   12 12 30.1     8 37 39.39   12 01 58.4  
CIG  270     8 35  7.79   12 57 22.2     8 37 53.35   12 46 49.7  
CIG  271     8 35 32.82   61 08 43.9     8 39 39.91   60 58  7.7  
CIG  272     8 35 48.10   15 53 53.7     8 38 36.47   15 43 18.9  
CIG  273     8 36 29.73    4 44 40.6     8 39  7.66    4 34  3.8  
CIG  274     8 36 54.90   23 19 15.0     8 39 50.73   23 08 36.2  
CIG  275     8 37 31.13   43 00 55.2     8 40 52.60   42 50 13.6  
CIG  276     8 37 35.46    5 48 44.8     8 40 14.33    5 38  4.2  
CIG  277     8 38 16.49   21 04 30.9     8 41  9.87   20 53 47.6  
CIG  278     8 38 46.17   33 02 50.9     8 41 53.04   32 52  5.6  
CIG  279     8 38 53.66    5 09 34.8     8 41 31.92    4 58 49.8  
CIG  280     8 39 55.03   25 15  3.3     8 42 52.68   25 04 14.4  
CIG  281     8 40 59.33   34 53 54.6     8 44  8.30   34 43  1.8  
CIG  282     8 41 10.74   11 57  8.2     8 43 55.12   11 46 15.5  
CIG  283     8 42  0.35   10 39 15.8     8 44 43.50   10 28 20.3  
CIG  284     8 43  0.24    7 37 25.6     8 45 40.62    7 26 26.9  
CIG  285     8 45 10.74   60 24 24.0     8 49 11.84   60 13 16.0  
CIG  286     8 46 27.64    7 33 32.3     8 49  7.88    7 22 22.3  
CIG  287     8 47 25.67   26 08 28.1     8 50 23.58   25 57 14.5  
CIG  288     8 49 42.06    6 07 31.0     8 52 20.97    5 56 10.6  
CIG  289     8 51  5.54    1 45 13.2     8 53 40.68    1 33 48.5  
CIG  290     8 51 14.07   47 17 44.9     8 54 40.37   47 06 18.4  
CIG  291     8 54  6.56    0 34  3.9     8 56 40.68    0 22 29.6  
CIG  292     8 56  9.10   45 06 33.4     8 59 30.53   44 54 51.5  
CIG  293     8 57 26.95   25 48 25.9     9 00 23.53   25 36 40.5  
CIG  294     8 58 38.46    4 18 52.4     9 01 15.67    4 07  3.9  
CIG  295     8 58 50.19  -01 39 22.9     9 01 22.47  -01 51 12.0  
CIG  296     9 00 13.19   30 47 22.1     9 03 14.74   30 35 28.1  
CIG  297     9 02 11.06   16 02 21.5     9 04 58.07   15 50 21.8  
CIG  298     9 02 52.67   35 34 40.6     9 05 59.41   35 22 38.3  
CIG  299     9 03 34.82   34 49 12.5     9 06 40.54   34 37  8.1  
CIG  300     9 03 55.40    6 30 18.0     9 06 34.31    6 18 13.3  
CIG  301     9 04  6.39  -00 39 46.6     9 06 39.50  -00 51 51.7  
CIG  302     9 04 41.62   18 38 12.5     9 07 30.76   18 26  5.2  
CIG  303     9 05  0.09    3 35 43.1     9 07 36.62    3 23 35.2  
CIG  304     9 05 58.69   13 26 11.8     9 08 43.25   13 14  0.8  
CIG  305     9 06  7.60    0 41 15.5     9 08 41.79    0 29  4.3  
CIG  306     9 06 19.38    1 38  7.9     9 08 54.33    1 25 56.0  
CIG  307     9 06 36.99    1 02 19.6     9 09 11.46    0 50  6.9  
CIG  308     9 06 45.78   18 49 10.4     9 09 34.93   18 36 56.9  
CIG  309     9 07 40.81    7 14 31.3     9 10 20.22    7 02 15.3  
CIG  310     9 08 15.18    3 10 55.0     9 10 51.33    2 58 37.4  
CIG  311     9 08 18.66    8 04 34.7     9 10 58.72    7 52 16.8  
CIG  312     9 08 17.11   13 37  8.4     9 11  1.70   13 24 50.4  
CIG  313     9 08 54.29   17 58  3.4     9 11 42.55   17 45 43.5  
CIG  314     9 08 55.53   45 09 38.4     9 12 14.37   44 57 17.8  
CIG  315     9 09  3.09  -03 19 52.5     9 11 34.11  -03 32 12.4  
CIG  316     9 09  9.85   37 53 17.3     9 12 18.45   37 40 56.2  
CIG  317     9 09 44.16   10 09 41.9     9 12 25.85    9 57 19.8  
CIG  318     9 10 34.18    5 49  1.2     9 13 12.38    5 36 36.7  
CIG  319     9 12 33.83   12 05 39.2     9 15 16.96   11 53  8.8  
CIG  320     9 14 18.86   81 47 10.9     9 21 49.23   81 34 28.5  
CIG  321     9 15 10.64    1 15 57.5     9 17 45.25    1 03 19.7  
CIG  322     9 17 52.50   46 06  3.9     9 21 10.80   45 53 17.4  
CIG  323     9 18 13.36   24 31 15.9     9 21  6.61   24 18 29.1  
CIG  324     9 18 35.34   51 11 21.8     9 22  2.17   50 58 33.1  
CIG  325     9 18 47.28   61 04 45.4     9 22 38.12   60 51 55.6  
CIG  326     9 20 12.25   62 14 39.9     9 24  6.30   62 01 46.1  
CIG  327     9 20 46.59   51 43 24.1     9 24 13.82   51 30 29.4  
CIG  328     9 21 26.31   28 30 30.8     9 24 22.90   28 17 34.9  
CIG  329     9 21 59.96   26 59 27.6     9 24 55.06   26 46 30.2  
CIG  330     9 22 14.11   45 44 55.7     9 25 30.87   45 31 57.2  
CIG  331     9 22 25.74   61 35 52.5     9 26 16.73   61 22 52.7  
CIG  332     9 23 22.76   46 03 51.9     9 26 39.72   45 50 50.2  
CIG  333     9 23 55.18   42 47 20.0     9 27  7.36   42 34 16.9  
CIG  334     9 24 10.03    1 22 18.8     9 26 44.68    1 09 15.9  
CIG  335     9 24 14.40   57 35 37.9     9 27 53.36   57 22 33.4  
CIG  336     9 24 25.16   30 39 30.6     9 27 23.45   30 26 26.5  
CIG  337     9 25 25.57    1 53 23.5     9 28  0.59    1 40 17.2  
CIG  338     9 25 35.86    3 37 35.5     9 28 12.13    3 24 28.7  
CIG  339     9 26 37.28   56 04 18.3     9 30 11.77   55 51  7.4  
CIG  340     9 27 20.29   20 18 36.1     9 30  9.09   20 05 24.3  
CIG  341     9 27 21.43   14 11 31.9     9 30  5.44   13 58 20.2  
CIG  342     9 27 34.56   19 41 20.9     9 30 22.84   19 28  8.5  
CIG  343     9 27 38.25    4 21 48.8     9 30 15.02    4 08 36.5  
CIG  344     9 27 51.20   46 36 17.4     9 31  7.91   46 23  3.6  
CIG  345     9 27 53.06  -01 38 10.6     9 30 25.54  -01 51 23.5  
CIG  346     9 27 39.65   81 22  1.3     9 34 36.14   81 08 43.2  
CIG  347     9 29 20.06   21 43 16.0     9 32  9.83   21 29 58.8  
CIG  348     9 30 37.64    5 46 49.6     9 33 15.35    5 33 29.3  
CIG  349     9 32  4.81   61 34 36.9     9 35 51.64   61 21 11.3  
CIG  350     9 32  5.00    0 54 40.6     9 34 39.28    0 41 16.6  
CIG  351     9 32 38.41   13 46 21.5     9 35 21.80   13 32 55.9  
CIG  352     9 33 11.67   29 20 12.4     9 36  7.55   29 06 45.0  
CIG  353     9 33 15.92    4 14 27.8     9 35 52.51    4 01  0.6  
CIG  354     9 33 52.86  -00 20 46.1     9 36 26.27  -00 34 14.8  
CIG  355     9 33 48.04   37 55 10.3     9 36 52.36   37 41 41.2  
CIG  356     9 34 53.86   42 56 20.4     9 38  3.88   42 42 48.3  
CIG  357     9 35 30.86   84 02  5.2     9 44  4.90   83 48 24.6  
CIG  358     9 37 40.01   15 08 59.9     9 40 24.09   14 55 21.3  
CIG  359     9 38  0.24    3 48 16.1     9 40 36.45    3 34 36.9  
CIG  360     9 38 12.87   20 08  9.8     9 41  0.60   19 54 29.8  
CIG  361     9 38 14.83   36 06 38.6     9 41 16.44   35 52 58.2  
CIG  362     9 38 34.39   63 23 36.7     9 42 24.02   63 09 54.5  
CIG  363     9 38 50.98   75 05 20.9     9 43 46.31   74 51 36.6  
CIG  364     9 39 20.40    1 32 48.9     9 41 55.08    1 19  6.3  
CIG  365     9 39 52.99    7 19 41.1     9 42 31.53    7 05 57.1  
CIG  366     9 39 58.89   38 03  7.0     9 43  2.20   37 49 22.3  
CIG  367     9 41  5.66   55 59 36.3     9 44 34.94   55 45 48.3  
CIG  368     9 41 25.60   51 55  8.2     9 44 47.09   51 41 19.5  
CIG  369     9 42 58.21  -02 48  7.0     9 45 30.04  -03 01 58.5  
CIG  370     9 44  9.08   24 56  1.7     9 46 59.91   24 42  6.9  
CIG  371     9 45  1.97  -01 48  2.0     9 47 34.47  -02 01 58.5  
CIG  372     9 46  3.69   25 06 26.2     9 48 54.43   24 52 26.8  
CIG  373     9 47 12.58   52 31 31.9     9 50 33.29   52 17 29.2  
CIG  374     9 47 13.65   62 25 12.1     9 50 56.19   62 11  9.0  
CIG  375     9 47 19.31   48 43  9.2     9 50 34.05   48 29  6.4  
CIG  376     9 47 46.80   65 43 31.0     9 51 39.85   65 29 26.4  
CIG  377     9 48  1.32   28 47  6.4     9 50 54.75   28 33  2.3  
CIG  378     9 48 47.41   11 09 18.2     9 51 28.14   10 55 12.6  
CIG  379     9 49 10.45   15 10  2.7     9 51 53.80   14 55 56.1  
CIG  380     9 50 17.02   27 51 28.4     9 53  9.40   27 37 19.1  
CIG  381     9 51  9.66    9 25 49.2     9 53 49.17    9 11 38.1  
CIG  382     9 51 17.79   76 06 13.5     9 56 11.64   75 51 59.5  
CIG  383     9 52 10.08    9 30 31.8     9 54 49.60    9 16 18.4  
CIG  384     9 52 34.63   53 55 51.9     9 55 55.99   53 41 36.7  
CIG  385     9 52 41.70   59 32 40.8     9 56 14.32   59 18 25.1  
CIG  386     9 54 31.32   52 03 36.2     9 57 48.95   51 49 16.7  
CIG  387     9 55 12.98    8 04 30.7     9 57 51.50    7 50 10.3  
CIG  388    9 57 22.78    5 34 12.3     9 59 59.72    5 19 47.2  
CIG  389     9 59 27.70   24 57  9.7    10 02 16.78   24 42 39.9  
CIG  390     9 59 29.90   79 30 49.7    10 04 58.99   79 16 16.8  
CIG  391    10 00  5.90   20 26 37.2    10 02 51.86   20 12  6.0  
CIG  392    10 00 12.26   48 36 28.5    10 03 23.21   48 21 56.6  
CIG  393    10 00 22.12   59 40 43.1    10 03 51.78   59 26 10.6  
CIG  394    10 01  2.27   17 09 45.3    10 03 46.05   16 55 12.1  
CIG  395    10 01  1.59   38 55  9.3    10 04  1.66   38 40 35.9  
CIG  396    10 01  0.76   60 21  2.8    10 04 31.66   60 06 28.8  
CIG  397    10 01 40.82   13 51 52.6    10 04 22.53   13 37 18.1  
CIG  398    10 04 36.35    9 06 34.8    10 07 15.12    8 51 54.1  
CIG  399    10 04 55.01   34 33 38.1    10 07 50.53   34 18 56.5  
CIG  400    10 05 27.24   32 06 29.8    10 08 20.73   31 51 47.1  
CIG  401    10 05 58.58  -00 25 13.8    10 08 32.01  -00 39 57.2  
CIG  402   10 06 40.87   63 09 36.0    10 10 16.02   62 54 50.1  
CIG  403    10 10 31.77   36 12 11.4    10 13 27.60   35 57 18.4  
CIG  404    10 10 59.83  -02 55 14.3    10 13 31.95  -03 10  7.8  
CIG  405    10 11 18.52    0 47 57.2    10 13 52.60    0 33  3.0  
CIG  406    10 11 28.84   10 23 49.1    10 14  8.03   10 08 54.5  
CIG  407    10 13 25.09   38 01 46.4    10 16 21.85   37 46 47.7  
CIG  408    10 18 53.83   12 12 52.6    10 21 33.59   11 57 43.8  
CIG  409    10 19 12.95   26 07 29.6    10 22  0.37   25 52 20.1  
CIG  410    10 19 49.69    1 27  5.5    10 22 24.06    1 11 55.1  
CIG  411    10 21  1.09   31 53 24.5    10 23 51.90   31 38 11.7  
CIG  412    10 21 43.77   46 42 36.2    10 24 46.43   46 27 21.9  
CIG  413    10 22  1.42    1 21 49.1    10 24 35.74    1 06 34.7  
CIG  414    10 22  3.97   11 20 36.1    10 24 43.12   11 05 21.6  
CIG  415    10 22 53.86    7 43  2.0    10 25 31.20    7 27 46.0  
CIG  416    10 23  2.19   11 59 38.1    10 25 41.61   11 44 21.9  
CIG  417    10 23 27.85   62 35 29.5    10 26 53.10   62 20 11.8  
CIG  418    10 25 10.62   33 01 10.1    10 28  1.47   32 45 49.9  
CIG  419    10 25 21.53   21 01 36.3    10 28  5.35   20 46 15.9  
CIG  420    10 26  6.12   60 33  6.1    10 29 25.95   60 17 43.9  
CIG  421    10 27 20.81   72 23  0.1    10 31 15.03   72 07 35.3  
CIG  422    10 28 37.52    4 43 44.8    10 31 13.31    4 28 18.9  
CIG  423    10 28 44.38   25 07 36.2    10 31 30.01   24 52 10.1  
CIG  424    10 29 52.68   20 37 40.5    10 32 35.84   20 22 12.5  
CIG  425    10 30 25.37   62 29 42.2    10 33 46.85   62 14 12.8  
CIG  426    10 33 15.14   49 37 51.9    10 36 17.30   49 22 18.2  
CIG  427    10 33 42.28   62 47  6.4    10 37  2.64   62 31 31.7  
CIG  428    10 36 14.84   41 56 52.5    10 39  9.57   41 41 14.1  
CIG  429    10 37  6.74   11 54 29.3    10 39 45.32   11 38 49.8  
CIG  430    10 37 26.67   19 28 28.7    10 40  8.54   19 12 48.7  
CIG  431    10 37 33.86   10 36 21.7    10 40 11.87   10 20 41.5  
CIG  432    10 38 18.05   36 38  3.2    10 41  8.75   36 22 21.8  
CIG  433    10 38 31.96   81 09 11.8    10 43 28.59   80 53 28.5  
CIG  434    10 39 52.65   34 42 39.5    10 42 41.89   34 26 55.8  
CIG  435    10 40 46.90   25 11  6.2    10 43 31.03   24 55 21.3  
CIG  436    10 40 59.18   15 08  5.4    10 43 38.85   14 52 20.2  
CIG  437    10 41 15.92   53 01 58.2    10 44 18.85   52 46 12.3  
CIG  438    10 41 30.98   22 59 21.0    10 44 14.00   22 43 35.0  
CIG  439    10 42  9.02   16 12 52.7    10 44 49.06   15 57  5.8  
CIG  440    10 42 34.32    5 12 27.7    10 45  9.98    4 56 40.2  
CIG  441    10 42 42.23   16 35 34.5    10 45 22.38   16 19 46.8  
CIG  442    10 43 20.02   63 29 14.2    10 46 36.57   63 13 25.2  
CIG  443    10 44 50.55    6 18 44.1    10 47 26.57    6 02 53.5  
CIG  444    10 48 25.35  -01 53  5.1    10 50 58.37  -02 09  0.6  
CIG  445    10 48 44.58   19 16 48.7    10 51 25.27   19 00 52.7  
CIG  446    10 49 17.19   59 57  5.9    10 52 25.05   59 41  8.9  
CIG  447    10 49 42.65   36 53  7.7    10 52 31.15   36 37 10.4  
CIG  448    10 49 53.45   23 12  2.1    10 52 35.59   22 56  4.6  
CIG  449    10 50 13.60   73 57 22.6    10 53 54.60   73 41 24.1  
CIG  450    10 52 30.98    3 22 39.5    10 55  5.78    3 06 38.7  
CIG  451    10 54 10.79    3 59 11.1    10 56 45.77    3 43  8.3  
CIG  452    10 55 50.74   72 06 46.1    10 59 19.70   71 50 40.7  
CIG  453    10 56  3.43   25 24 33.3    10 58 45.67   25 08 28.2  
CIG  454    10 58  1.98   67 22 29.9    11 01 17.15   67 06 22.2  
CIG  455    10 58 41.48    3 53 50.7    11 01 16.34    3 37 42.6  
CIG  456    11 00 10.28   33 08 46.5    11 02 54.96   32 52 36.6  
CIG  457    11 00 37.82   39 31 28.4    11 03 25.27   39 15 18.1  
CIG  458    11 00 45.74   13 05 24.1    11 03 23.31   12 49 13.7  
CIG  459    11 02  6.35   33 20  8.4    11 04 50.75   33 03 56.5  
CIG  460    11 02 22.47   15 09 55.9    11 05  0.56   14 53 43.8  
CIG  461    11 03 15.01    0 14 10.3    11 05 48.76  -00 02  2.8  
CIG  462    11 03 22.82   20 59 12.1    11 06  2.63   20 42 58.9  
CIG  463    11 04  1.24   51 28 26.1    11 06 54.65   51 12 12.1  
CIG  464    11 04 20.71    7 26 38.5    11 06 56.45    7 10 24.3  
CIG  465    11 05  7.42   19 49 12.3    11 07 46.68   19 32 57.2  
CIG  466    11 06 20.54   23 12  1.6    11 09  0.70   22 55 45.4  
CIG  467    11 06 31.31   36 17 31.9    11 09 16.04   36 01 15.4  
CIG  468    11 07 53.02   57 54 27.2    11 10 49.97   57 38  9.4  
CIG  469    11 08 35.35   55 56 42.0    11 11 30.34   55 40 23.4  
CIG  470    11 11 10.62   21 47 35.0    11 13 49.81   21 31 14.2  
CIG  471    11 12 13.09  -01 51  2.3    11 14 46.35  -02 07 24.0  
CIG  472    11 12 28.99   15 03 36.3    11 15  6.28   14 47 14.4  
CIG  473    11 13 28.13   10 26  8.5    11 16  4.23   10 09 45.7  
CIG  474    11 13 31.92   11 19 17.0    11 16  8.23   11 02 54.1  
CIG  475    11 15 27.45   12 43 39.3    11 18  3.98   12 27 14.9  
CIG  476    11 19 18.24   43 05 37.8    11 22  2.59   42 49 10.3  
CIG  477    11 20 17.49   16 51 52.1    11 22 54.57   16 35 23.9  
CIG  478    11 23 51.78    3 12 29.4    11 26 26.05    2 55 58.7  
CIG  479    11 24 13.37   33 23 40.9    11 26 53.65   33 07  9.9  
CIG  480    11 24 17.93   19 06 28.0    11 26 55.09   18 49 57.0  
CIG  481    11 24 44.62   66 51 55.5    11 27 41.16   66 35 24.1  
CIG  482    11 25 11.19    6 25 10.7    11 27 45.99    6 08 39.1  
CIG  483    11 29  6.93    3 45 51.5    11 31 41.20    3 29 17.6  
CIG  484    11 29 27.57   74 54 17.9    11 32 32.26   74 37 43.7  
CIG  485    11 30 25.26    6 59 33.0    11 32 59.97    6 42 58.3  
CIG  486    11 31 44.08   13 35 50.9    11 34 19.68   13 19 15.6  
CIG  487    11 32 31.03    2 49 40.5    11 35  5.11    2 33  4.8  
CIG  488    11 32 42.15   73 43 42.6    11 35 41.36   73 27  6.7  
CIG  489    11 33  3.12    0 24 14.6    11 35 36.88    0 07 38.6  
CIG  490    11 34  5.11    6 34  7.4    11 36 39.64    6 17 30.9  
CIG  491    11 35 59.64  -00 54 27.8    11 38 33.25  -01 11  5.2  
CIG  492    11 36 29.65    0 04 18.9    11 39  3.37  -00 12 18.7  
CIG  493    11 37 12.72  -01 35 53.9    11 39 46.26  -01 52 31.7  
CIG  494    11 38  2.17   29 08 27.4    11 40 39.23   28 51 49.3  
CIG  495    11 38 27.69    1 46 13.9    11 41  1.58    1 29 35.6  
CIG  496    11 39 50.76   77 39  3.0    11 42 49.04   77 22 24.1  
CIG  497    11 40 54.63    3 39 59.1    11 43 28.67    3 23 19.9  
CIG  498    11 41 53.00   68 13 59.1    11 44 38.85   67 57 19.6  
CIG  499    11 45  9.84    2 06 14.6    11 47 43.71    1 49 34.1  
CIG  500    11 45 26.26    4 45 58.5    11 48  0.29    4 29 17.9  
CIG  501    11 46  1.95   32 55  7.7    11 48 38.05   32 38 27.0  
CIG  502    11 46 16.77  -01 45 16.7    11 48 50.37  -02 01 57.5  
CIG  503    11 47 35.49   42 21 10.0    11 50 12.15   42 04 28.9  
CIG  504    11 48 59.18   16 27 47.8    11 51 33.73   16 11  6.4  
CIG  505    11 49 22.50  -02 21 50.4    11 51 56.10  -02 38 31.8  
CIG  506    11 49 27.39   14 09 24.4    11 52  1.79   13 52 43.0  
CIG  507    11 50  3.14   24 35  8.9    11 52 38.02   24 18 27.4  
CIG  508    11 50  9.64    2 01  8.5    11 52 43.45    1 44 27.0  
CIG  509    11 51 51.45  -02 02 28.2    11 54 25.10  -02 19 10.0  
CIG  510    11 52 17.37    3 14 15.6    11 54 51.20    2 57 33.8  
CIG  511    11 52 31.06    1 59 51.5    11 55  4.85    1 43  9.6  
CIG  512    11 53  3.14    1 30 55.4    11 55 36.90    1 14 13.5  
CIG  513    11 53  9.61   17 37 31.2    11 55 43.85   17 20 49.2  
CIG  514    11 55 28.97  -03 27 53.8    11 58  2.64  -03 44 36.0  
CIG  515    11 56  2.23   19 08 29.8    11 58 36.22   18 51 47.6  
CIG  516    11 56 52.99   18 02  6.8    11 59 26.89   17 45 24.6  
CIG  517    12 00 18.66   26 31 52.7    12 02 52.15   26 15 10.5  
CIG  518    12 01 30.80   32 10 26.2    12 04  4.02   31 53 44.0  
CIG  519    12 04 35.80  -00 58 27.5    12 07  9.56  -01 15  9.5  
CIG  520    12 07 15.13   56 48  8.4    12 09 45.08   56 31 26.8  
CIG  521    12 08 37.22    2 32  0.8    12 11 10.82    2 15 19.4  
CIG  522    12 13 14.98   62 10  2.9    12 15 40.77   61 53 22.6  
CIG  523   12 14 20.54   69 44 26.5    12 16 42.11   69 27 46.5  
CIG  524    12 15  2.30   22 49  5.4    12 17 34.04   22 32 25.7  
CIG  525    12 19 10.62   41 07 33.2    12 21 39.18   40 50 54.9  
CIG  526    12 20 38.40   68 02 15.6    12 22 56.50   67 45 37.9  
CIG  527    12 21 19.86  -03 09 57.7    12 23 53.96  -03 26 35.1  
CIG  528    12 21 32.48   49 03 23.3    12 23 58.61   48 46 46.0  
CIG  529    12 22 27.22   24 39 35.0    12 24 57.80   24 22 58.1  
CIG  530   12 26 10.88   35 59 37.5    12 28 38.84   35 43  2.4  
CIG  531    12 27 59.26   19 56 56.7    12 30 29.92   19 40 22.6  
CIG  532    12 29  7.75   38 15 21.4    12 31 34.55   37 58 47.9  
CIG  533    12 29 10.65  -00 44  4.9    12 31 44.51  -01 00 38.3  
CIG  534    12 30 21.42   37 53 50.3    12 32 48.04   37 37 17.6  
CIG  535    12 31 15.65   78 15  4.3    12 33  4.96   77 58 31.9  
CIG  536    12 31 38.59   35 47 38.2    12 34  5.46   35 31  6.2  
CIG  537    12 32 32.36   26 03 17.7    12 35  1.32   25 46 46.3  
CIG  538    12 33  9.80   72 30 25.9    12 35 12.28   72 13 54.8  
CIG  539    12 33 40.42   54 29 46.6    12 36  0.04   54 13 15.9  
CIG  540    12 35 29.08  -01 59 20.5    12 38  3.21  -02 15 49.9  
CIG  541    12 35 38.45   22 58 24.4    12 38  7.66   22 41 55.1  
CIG  542    12 37 17.29    4 04 16.0    12 39 50.25    3 47 47.9  
CIG  543    12 37 47.38   61 52 58.3    12 40  0.11   61 36 30.5  
CIG  544    12 38 53.18   30 23 45.4    12 41 20.12   30 07 18.4  
CIG  545    12 38 46.15   50 40  6.2    12 41  5.81   50 23 39.1  
CIG  546    12 39 10.47   61 59  9.1    12 41 22.37   61 42 42.3  
CIG  547    12 40  9.82   20 13  8.7    12 42 39.15   19 56 42.8  
CIG  548    12 40 24.98   21 15 49.1    12 42 54.04   20 59 23.4  
CIG  549    12 41 12.54   16 40  2.0    12 43 42.61   16 23 36.9  
CIG  550    12 42  1.98   37 23 41.5    12 44 26.17   37 07 17.1  
CIG  551    12 43 54.57   64 50 34.9    12 46  0.73   64 34 11.8  
CIG  552    12 46 51.08   10 05 23.8    12 49 22.37    9 49  3.6  
CIG  553    12 47 44.26   33 25 52.5    12 50  8.69   33 09 33.0  
CIG  554    12 50 35.91   59 32 13.3    12 52 44.38   59 15 56.4  
CIG  555    12 50 43.44   25 32 58.2    12 53 10.03   25 16 41.6  
CIG  556    12 51 27.77  -01 14 14.0    12 54  1.86  -01 30 29.8  
CIG  557    12 52 43.00    0 31  3.5    12 55 16.62    0 14 48.9  
CIG  558    12 53 23.47   36 33 50.2    12 55 45.56   36 17 36.3  
CIG  559    12 54 16.31   21 57 11.4    12 56 43.62   21 40 58.4  
CIG  560    12 54 26.45   22 38 37.6    12 56 53.52   22 22 24.7  
CIG  561    12 55 25.87   36 38 28.0    12 57 47.51   36 22 16.2  
CIG  562    12 57  3.45   84 22 21.8    12 56 54.24   84 06 10.4  
CIG  563    12 57  8.90    3 30 41.4    12 59 41.63    3 14 31.5  
CIG  564    12 58 21.23   73 57 41.7    12 59 56.16   73 41 32.6  
CIG  565    13 01  9.87    3 27 10.8    13 03 42.56    3 11  5.5  
CIG  566    13 01 22.27   11 14 26.3    13 03 52.46   10 58 21.2  
CIG  567    13 01 26.71   16 26 20.8    13 03 55.16   16 10 15.8  
CIG  568    13 01 44.20    9 29 30.6    13 04 14.94    9 13 25.9  
CIG  569   13 01 56.27  -03 18 16.6    13 04 31.09  -03 34 20.9  
CIG  570    13 02  9.10    3 13 54.4    13 04 41.84    2 57 50.3  
CIG  571    13 03 18.90   56 35 27.7    13 05 24.69   56 19 24.7  
CIG  572    13 06  6.77   61 50 59.3    13 08  4.66   61 34 59.7  
CIG  573    13 06 22.19  -03 26 23.1    13 08 57.13  -03 42 22.0  
CIG  574    13 06 51.68   83 07 59.4    13 06 48.94   82 51 59.4  
CIG  575    13 09 42.06   24 21 36.9    13 12  6.63   24 05 42.2  
CIG  576    13 11  6.67   16 15 22.1    13 13 34.40   15 59 29.4  
CIG  577    13 13 29.49   18 01 28.1    13 15 56.31   17 45 38.6  
CIG  578    13 13 49.60   20 18 40.0    13 16 15.43   20 02 51.0  
CIG  579    13 14 16.95   22 14 36.4    13 16 41.90   21 58 48.0  
CIG  580    13 16 34.11   15 03 13.0    13 19  1.90   14 47 28.0  
CIG  581    13 16 46.53   28 46 11.7    13 19  8.08   28 30 26.8  
CIG  582    13 20 42.96  -01 53 25.2    13 23 17.51  -02 09  4.0  
CIG  583    13 23 58.52   51 33 41.1    13 26  1.87   51 18  7.0  
CIG  584    13 24 32.04   10 18 55.8    13 27  1.38   10 03 22.9  
CIG  585    13 24 46.88    5 53 40.5    13 27 18.13    5 38  8.1  
CIG  586    13 25 53.98    7 00 59.0    13 28 24.71    6 45 28.4  
CIG  587    13 27 53.91   51 08 30.0    13 29 56.41   50 53  2.3  
CIG  588    13 28 33.97   19 41 43.2    13 30 58.63   19 26 16.8  
CIG  589    13 28 39.34   58 35 58.8    13 30 31.57   58 20 32.2  
CIG  590    13 29 28.15   20 15 26.6    13 31 52.43   20 00  1.8  
CIG  591    13 29 39.03   17 18 20.2    13 32  4.78   17 02 55.7  
CIG  592    13 29 52.93    3 19  4.8    13 32 25.22    3 03 40.8  
CIG  593    13 34 17.03   20 27 16.1    13 36 40.74   20 11 59.5  
CIG  594    13 34 30.36   16 51 50.4    13 36 55.94   16 36 34.3  
CIG  595    13 37 29.39   61 45 31.9    13 39 11.63   61 30 20.5  
CIG  596    13 36 58.08   62 00  7.7    13 38 40.06   61 44 55.3  
CIG  597    13 37 59.81   22 08 28.4    13 40 22.20   21 53 18.5  
CIG  598    13 44  9.93   21 05 49.5    13 46 32.29   20 50 51.3  
CIG  599    13 46 23.78   37 21 41.4    13 48 34.56   37 06 47.4  
CIG  600    13 47  2.74   14 07 29.0    13 49 28.89   13 52 36.5  
CIG  601    13 48 28.46    0 05 37.6    13 51  2.20  -00 09 11.9  
CIG  602    13 51  3.38   23 17 39.6    13 53 23.65   23 02 55.2  
CIG  603    13 52  9.27   24 00  6.5    13 54 28.96   23 45 24.3  
CIG  604    13 54 17.80   47 28 45.3    13 56 16.55   47 14  7.2  
CIG  605    13 54 40.39   29 24 28.6    13 56 55.98   29 09 51.6  
CIG  606    13 57 12.99    1 19  3.5    13 59 46.03    1 04 32.2  
CIG  607    13 58 16.31   25 33 34.9    14 00 34.22   25 19  5.6  
CIG  608    13 59 36.66    0 00 19.1    14 02 10.46  -00 14  6.9  
CIG  609    13 59 59.28   46 33  9.0    14 01 57.62   46 18 43.1  
CIG  610    14 01 26.42   54 35 19.3    14 03 12.54   54 20 56.4  
CIG  611    14 02 32.21    0 10 32.9    14 05  5.90  -00 03 46.6  
CIG  612    14 05 41.95   30 06 34.9    14 07 55.41   29 52 22.2  
CIG  613    14 06 42.70   33 46  6.5    14 08 52.89   33 31 56.1  
CIG  614    14 08 22.78   22 11 31.6    14 10 42.00   21 57 25.2  
CIG  615    14 09  3.53  -00 55 24.0    14 11 37.91  -01 09 28.5  
CIG  616    14 09 48.21   38 25 41.4    14 11 53.41   38 11 38.1  
CIG  617    14 10  4.49   29 26 11.9    14 12 17.89   29 12  9.4  
CIG  618    14 11  6.60   17 59 22.4    14 13 28.56   17 45 22.6  
CIG  619    14 11 27.35   29 18 23.2    14 13 40.67   29 04 24.0  
CIG  620    14 11 43.38   37 30  7.2    14 13 49.15   37 16  8.5  
CIG  621   14 12 36.09   25 32 59.5    14 14 52.31   25 19  3.1  
CIG  622    14 16  6.47   31 53  1.8    14 18 16.88   31 39 13.8  
CIG  623    14 17 20.13   20 10 24.6    14 19 39.99   19 56 39.9  
CIG  624    14 18 12.24   56 57 31.0    14 19 47.67   56 43 47.4  
CIG  625    14 18 27.92   22 09 50.6    14 20 46.16   21 56  8.6  
CIG  626    14 19 49.76  -00 09 35.9    14 22 23.67  -00 23 14.1  
CIG  627    14 21 18.82   42 00  6.9    14 23 17.68   41 46 31.7  
CIG  628    14 21 54.92   24 08 20.8    14 24 11.24   23 54 47.5  
CIG  629    14 22 55.13   68 34  0.3    14 23 49.76   68 20 27.9  
CIG  630    14 24 23.47   48 47 17.9    14 26 12.18   48 33 50.4  
CIG  631    14 25 36.38   46 22 12.9    14 27 28.44   46 08 48.6  
CIG  632    14 26 47.71   13 05  0.1    14 29 12.17   12 51 39.7  
CIG  633    14 30 15.06   27 38 49.8    14 32 27.42   27 25 38.3  
CIG  634    14 30 37.75   58 08 28.6    14 32  5.80   57 55 17.1  
CIG  635    14 30 51.00   14 03 43.7    14 33 14.51   13 50 34.0  
CIG  636    14 32  3.31   57 55 50.4    14 33 31.37   57 42 42.8  
CIG  637    14 33 17.12   54 41 37.4    14 34 52.33   54 28 33.2  
CIG  638    14 35  9.27    2 30 23.7    14 37 41.23    2 17 26.0  
CIG  639    14 35 20.95    6 57 51.4    14 37 49.61    6 44 54.1  
CIG  640    14 37  3.78   54 29 34.2    14 38 38.22   54 16 40.4  
CIG  641    14 38 19.99   62 13  1.2    14 39 33.01   62 00 10.5  
CIG  642    14 38 21.31   34 12 10.4    14 40 26.05   33 59 21.0  
CIG  643    14 40 41.04   21 37 57.7    14 42 57.66   21 25 15.0  
CIG  644    14 42  2.45   43 47 28.4    14 43 54.52   43 34 49.1  
CIG  645    14 44  8.56   50 36 12.1    14 45 48.85   50 23 38.5  
CIG  646    14 46  2.93   62 47 33.6    14 47 10.66   62 35  4.7  
CIG  647    14 46  5.73   63 37 56.2    14 47 10.27   63 25 27.4  
CIG  648    14 46 18.53    8 18 27.9    14 48 45.82    8 06  1.8  
CIG  649   14 46 31.79   41 50 46.9    14 48 25.72   41 38 20.6  
CIG  650    14 48 25.97    8 18 54.9    14 50 53.19    8 06 35.0  
CIG  651    14 48 31.30   60 36 19.9    14 49 45.56   60 23 58.4  
CIG  652    14 49 32.40  -02 19 31.5    14 52  8.05  -02 31 47.9  
CIG  653    14 49 44.15   40 48 13.7    14 51 38.91   40 35 56.8  
CIG  654    14 53  4.49   70 40  8.7    14 53 28.28   70 27 59.5  
CIG  655    14 53 19.73   44 01 12.1    14 55  9.12   43 49  5.8  
CIG  656    14 57 33.91   71 52 49.4    14 57 45.57   71 40 53.5  
CIG  657    14 59 22.88   44 53 42.1    15 01  9.64   44 41 54.2  
CIG  658    15 01 45.28    3 29 35.7    15 04 16.16    3 17 56.4  
CIG  659    15 04 19.01   58 15 52.8    15 05 35.01   58 04 19.6  
CIG  660    15 05 10.18   77 49 39.9    15 04  2.32   77 38  5.5  
CIG  661    15 06 11.29   66 22  2.6    15 06 54.50   66 10 34.5  
CIG  662    15 06 45.31   25 55 25.6    15 08 55.40   25 44  1.5  
CIG  663    15 08 33.74   67 24 12.5    15 09 10.18   67 12 51.7  
CIG  664    15 09 57.91   63 12 12.0    15 10 54.32   63 00 56.3  
CIG  665    15 10  8.05   18 50  0.7    15 12 24.98   18 38 47.7  
CIG  666    15 11 30.62   67 32 56.3    15 12  4.83   67 21 45.0  
CIG  667    15 11 33.92   47 17 17.6    15 13 13.95   47 06  8.3  
CIG  668    15 12 16.58   44 46 33.5    15 14  0.97   44 35 26.6  
CIG  669    15 18 19.47  -02 23 55.5    15 20 55.42  -02 34 41.0  
CIG  670    15 19  0.24   67 41  3.3    15 19 30.16   67 30 16.6  
CIG  671    15 19 41.30   39 22 46.4    15 21 33.05   39 12  4.3  
CIG  672    15 20 15.29   19 26 19.8    15 22 30.96   19 15 40.2  
CIG  673    15 21 12.60   65 11  0.5    15 21 55.45   65 00 21.6  
CIG  674    15 21 41.68   23 43 26.5    15 23 52.78   23 32 51.7  
CIG  675    15 23 39.40   25 15 12.9    15 25 48.67   25 04 44.6  
CIG  676    15 24 20.82   52 37  9.7    15 25 46.54   52 26 42.6  
CIG  677    15 24 49.27  -02 43  3.3    15 27 25.55  -02 53 26.8  
CIG  678    15 25 41.80   12 10 33.0    15 28  4.30   12 00 12.1  
CIG  679    15 26  0.37   13 50 58.4    15 28 21.23   13 40 38.5  
CIG  680    15 26 56.69    9 15 44.9    15 29 21.90    9 05 28.4  
CIG  681    15 27 13.74   12 25 36.3    15 29 35.93   12 15 20.7  
CIG  682    15 27 18.85   64 56  6.3    15 28  0.56   64 45 48.0  
CIG  683    15 28 11.20  -00 11 56.7    15 30 45.19  -00 22  8.7  
CIG  684    15 28 33.28   77 19 41.7    15 27 14.54   77 09 24.3  
CIG  685    15 29  2.72   57 00  7.4    15 30 15.17   56 49 56.0  
CIG  686    15 31 19.69   46 37 11.4    15 32 57.08   46 27  8.7  
CIG  687    15 33  7.81    2 35 32.0    15 35 39.18    2 25 37.2  
CIG  688    15 34  8.91    3 31 29.2    15 36 39.39    3 21 38.0  
CIG  689    15 34 19.44   17 30  8.5    15 36 36.23   17 20 17.5  
CIG  690    15 34 52.87   48 01  7.5    15 36 26.76   47 51 17.2  
CIG  691    15 35  8.29    6 08 12.1    15 37 36.27    5 58 24.3  
CIG  692    15 36 16.66   73 36 51.5    15 35 47.50   73 27  2.5  
CIG  693    15 36 28.26   42 38  3.8    15 38 12.16   42 28 19.4  
CIG  694    15 37 33.86    2 05 40.0    15 40  5.66    1 56  1.0  
CIG  695    15 38 29.13    9 54 35.3    15 40 53.38    9 44 59.4  
CIG  696    15 39 39.30  -01 04 13.3    15 42 14.13  -01 13 44.7  
CIG  697    15 40  2.55    2 10 22.3    15 42 34.27    2 00 52.1  
CIG  698    15 40 47.99   15 55 41.6    15 43  6.09   15 46 13.7  
CIG  699    15 41 25.74   67 24 44.2    15 41 47.76   67 15 15.1  
CIG  700    15 42 41.48    0 55 40.0    15 45 14.39    0 46 19.4  
CIG  701    15 42 50.13   38 34 49.2    15 44 39.82   38 25 27.9  
CIG  702    15 44 37.12   33 22 39.4    15 46 34.28   33 13 24.7  
CIG  703    15 44 44.59   22 18 19.2    15 46 55.56   22 09  5.4  
CIG  704    15 45  2.77   10 26  9.3    15 47 26.31   10 16 57.0  
CIG  705    15 45 53.18   37 21 27.5    15 47 44.39   37 12 17.3  
CIG  706    15 47 25.79  -02 40 22.2    15 50  2.21  -02 49 25.3  
CIG  707    15 48 12.66    1 54  6.0    15 50 44.60    1 45  5.6  
CIG  708    15 49  9.73   74 40 35.0    15 48 19.57   74 31 31.9  
CIG  709    15 49 54.32    2 35 55.6    15 52 25.55    2 27  1.4  
CIG  710    15 50 39.71   62 27 29.9    15 51 25.40   62 18 35.2  
CIG  711    15 50 51.29   64 16 30.8    15 51 28.07   64 07 36.6  
CIG  712    15 51 54.90   14 44 54.1    15 54 13.74   14 36  6.9  
CIG  713    15 52  2.66    7 39 35.4    15 54 28.81    7 30 49.0  
CIG  714    15 54 17.10   49 40 45.8    15 55 43.69   49 32  5.9  
CIG  715    15 54 36.68  -01 23 51.1    15 57 11.87  -01 32 27.7  
CIG  716    15 55 27.42   30 12  9.1    15 57 27.86   30 03 34.6  
CIG  717    15 55 42.39    7 12  7.8    15 58  8.93    7 03 35.1  
CIG  718    15 56 33.15   68 31 15.0    15 56 41.62   68 22 41.1  
CIG  719    15 57 16.32   35 10 15.1    15 59  9.56   35 01 47.2  
CIG  720    15 57 59.09  -00 01 32.0    16 00 32.92  -00 09 55.9  
CIG  721    16 06  2.25   39 19 36.1    16 07 47.88   39 11 41.4  
CIG  722    16 06  9.10    9 44 16.5    16 08 32.79    9 36 23.5  
CIG  723    16 07  9.53   35 55 26.5    16 09  0.61   35 47 36.3  
CIG  724    16 07  8.45   36 44 28.9    16 08 58.24   36 36 38.6  
CIG  725    16 07 47.88   51 43 38.2    16 09  6.92   51 35 49.4  
CIG  726    16 08  5.57   12 57 13.8    16 10 25.76   12 49 28.1  
CIG  727    16 10 13.34   67 57 50.4    16 10 21.01   67 50  8.7  
CIG  728    16 10 54.47  -00 45 21.5    16 13 29.05  -00 52 55.8  
CIG  729    16 12 11.40    2 17 10.1    16 14 42.80    2 09 40.8  
CIG  730    16 14 42.09    4 40 34.7    16 17 10.96    4 33 15.1  
CIG  731    16 15 16.78   10 29  3.3    16 17 39.45   10 21 45.7  
CIG  732    16 15 37.96   53 07 40.1    16 16 51.75   53 00 21.8  
CIG  733    16 15 48.71   23 03 59.7    16 17 56.89   22 56 43.8  
CIG  734    16 16 39.07   62 03 36.5    16 17 19.61   61 56 21.1  
CIG  735    16 17  1.46   39 27 16.9    16 18 45.67   39 20  5.0  
CIG  736    16 19 12.54  -02 10  1.4    16 21 48.62  -02 17  2.9  
CIG  737    16 20 26.83  -00 24 17.2    16 23  1.05  -00 31 13.9  
CIG  738    16 24 24.80    5 58 33.7    16 26 52.17    5 51 52.6  
CIG  739    16 25  3.64   16 06 32.0    16 27 19.73   15 59 53.1  
CIG  740    16 26 21.61   54 48  1.0    16 27 28.50   54 41 25.1  
CIG  741    16 26 40.28   18 00  1.0    16 28 54.10   17 53 28.5  
CIG  742    16 28 50.58  -01 54 56.2    16 31 26.43  -02 01 19.2  
CIG  743    16 29 13.79   22 48 11.6    16 31 21.62   22 41 49.3  
CIG  744    16 29 32.31   43 27 16.7    16 31  7.62   43 20 54.5  
CIG  745    16 29 42.87   67 29  6.8    16 29 48.13   67 22 42.3  
CIG  746    16 29 49.54    3 58  3.2    16 32 19.03    3 51 44.0  
CIG  747    16 30  7.57   32 09 58.5    16 32  2.48   32 03 39.3  
CIG  748    16 31 48.27   29 05 17.6    16 33 47.56   28 59  5.4  
CIG  749    16 32  0.11   35 59 30.0    16 33 48.85   35 53 18.2  
CIG  750    16 32 11.95   62 47  3.8    16 32 45.37   62 40 50.3  
CIG  751    16 33 39.41   35 56 18.2    16 35 28.11   35 50 13.1  
CIG  752    16 35 48.23   20 13 23.1    16 37 59.01   20 07 27.5  
CIG  753    16 35 48.54   37 23  2.7    16 37 34.63   37 17  6.3  
CIG  754    16 36 35.44   17 27  3.7    16 38 49.56   17 21 11.6  
CIG  755    16 36 47.11  -02 18 30.8    16 39 23.41  -02 24 21.4  
CIG  756    16 36 50.91   67 43 41.4    16 36 52.48   67 37 45.7  
CIG  757    16 37 21.52   21 24 51.4    16 39 30.75   21 19  2.2  
CIG  758    16 38 22.59   14 26 48.8    16 40 40.21   14 21  4.1  
CIG  759    16 38 37.04    2 43 47.2    16 41  7.83    2 38  3.8  
CIG  760    16 39  4.57    3 14 34.7    16 41 34.79    3 08 53.2  
CIG  761    16 40 19.52   25 10 45.6    16 42 23.72   25 05  8.4  
CIG  762    16 40 33.29   20 27 21.3    16 42 43.59   20 21 45.2  
CIG  763    16 40 33.48    2 10 40.4    16 43  4.86    2 05  5.1  
CIG  764    16 40 51.20    9 59 50.7    16 43 13.88    9 54 16.3  
CIG  765    16 41  5.54    0 57 58.8    16 43 38.25    0 52 25.7  
CIG  766    16 41 17.39   36 55 30.8    16 43  3.85   36 49 57.0  
CIG  767    16 41 57.88   23 29 22.4    16 44  4.26   23 23 52.0  
CIG  768    16 42 20.04   20 01 54.5    16 44 30.81   19 56 25.8  
CIG  769    16 42 41.97   22 36 43.8    16 44 49.45   22 31 16.5  
CIG  770    16 44 31.11   74 47 51.9    16 43 13.11   74 42 25.0  
CIG  771    16 44 42.24   22 59 37.5    16 46 49.14   22 54 18.5  
CIG  772    16 46  8.61   58 30 39.0    16 46 58.98   58 25 23.3  
CIG  773    16 51 34.16   51 08 35.5    16 52 48.67   51 03 43.3  
CIG  774    16 51 45.55    3 34 54.4    16 54 15.31    3 30  5.6  
CIG  775    16 53  0.99   36 34 52.3    16 54 47.24   36 30  7.2  
CIG  776    16 53 58.97    6 00 56.7    16 56 25.98    5 56 17.1  
CIG  777    16 54 18.89   65 22 50.4    16 54 32.98   65 18  7.5  
CIG  778    16 55 50.46   46 57  1.1    16 57 15.47   46 52 27.1  
CIG  779    16 56 33.49   52 28 39.7    16 57 43.58   52 24  8.3  
CIG  780    16 57 13.51   20 54 14.0    16 59 22.68   20 49 47.5  
CIG  781   16 57 16.77  -00 27 13.0    16 59 51.05  -00 31 38.4  
CIG  782    16 59 15.42  -01 49 39.8    17 01 51.24  -01 53 56.8  
CIG  783    17 01 44.54    6 50 35.8    17 04 10.53    6 46 28.9  
CIG  784    17 02 35.91    9 59 55.7    17 04 58.25    9 55 52.4  
CIG  785    17 02 32.03   12 59 33.4    17 04 50.84   12 55 29.6  
CIG  786    17 03 57.28   10 26 26.0    17 06 19.08   10 22 28.4  
CIG  787    17 04  1.91   13 39  8.5    17 06 19.91   13 35 11.1  
CIG  788    17 04 13.22    4 58 11.6    17 06 41.34    4 54 15.4  
CIG  789    17 04 47.30   15 43  1.7    17 07  2.78   15 39  7.4  
CIG  790    17 06 38.74    8 27 21.0    17 09  2.83    8 23 34.8  
CIG  791    17 09  6.29    8 03 15.4    17 11 30.82    7 59 39.8  
CIG  792    17 09 39.99   18 54  2.3    17 11 51.41   18 50 28.6  
CIG  793    17 09 44.23   20 19 23.2    17 11 53.82   20 15 49.8  
CIG  794    17 11  8.76   53 10 41.5    17 12 15.31   53 07 11.9  
CIG  795    17 13 23.49   58 52 27.1    17 14  8.93   58 49  6.3  
CIG  796    17 14 38.13   52 53 48.7    17 15 45.29   52 50 34.0  
CIG  797    17 16 40.62   19 34 45.0    17 18 51.01   19 31 41.3  
CIG  798    17 17 12.39   73 29 19.8    17 16  5.10   73 26 11.3  
CIG  799    17 17 34.12   14 27  0.2    17 19 50.94   14 24  0.6  
CIG  800    17 17 40.73   16 42 37.2    17 19 54.75   16 39 37.9  
CIG  801    17 18  9.70   47 45  8.4    17 19 31.10   47 42  9.3  
CIG  802   17 19 18.76   57 57 28.9    17 20  7.47   57 54 33.7  
CIG  803    17 20  1.59   44 30 50.0    17 21 30.63   44 27 59.3  
CIG  804    17 20 17.38   14 38 38.9    17 22 33.92   14 35 51.0  
CIG  805    17 21 46.47   26 31 53.6    17 23 47.31   26 29 11.6  
CIG  806    17 21 51.68   21 10 55.3    17 23 59.88   21 08 13.9  
CIG  807    17 22 50.66   63 57  9.5    17 23  9.59   63 54 28.4  
CIG  808    17 25 43.86    7 27 45.0    17 28  8.95    7 25 20.9  
CIG  809    17 27 44.22   23 21 38.1    17 29 49.38   23 19 22.0  
CIG  810   17 29 48.58   32 16  2.9    17 31 40.49   32 13 55.3  
CIG  811    17 30 26.96   67 21 30.4    17 30 21.97   67 19 21.4  
CIG  812    17 30 25.59   16 26 10.7    17 32 39.78   16 24  6.6  
CIG  813    17 31 23.61   75 44 23.8    17 29 36.95   75 42 15.1  
CIG  814    17 31 32.31   39 21  8.6    17 33 11.67   39 19  8.1  
CIG  815    17 32 46.38   20 37 30.3    17 34 55.14   20 35 36.2  
CIG  816    17 34  4.32   10 03  3.2    17 36 26.29   10 01 15.2  
CIG  817    17 34 21.47   15 19 43.0    17 36 37.01   15 17 56.1  
CIG  818    17 34 20.74   23 49 30.1    17 36 25.15   23 47 42.7  
CIG  819    17 34 47.35   21 07 59.7    17 36 55.41   21 06 14.3  
CIG  820    17 36  8.37    9 43  2.5    17 38 30.73    9 41 23.5  
CIG  821    17 36  5.84   43 32 53.3    17 37 36.40   43 31 12.3  
CIG  822    17 36 12.04   48 59 47.0    17 37 29.34   48 58  5.9  
CIG  823    17 37 39.72   19 49 26.0    17 39 49.48   19 47 53.2  
CIG  824    17 39  2.79   41 19 32.9    17 40 38.01   41 18  4.8  
CIG  825    17 39 39.00   29 13 44.2    17 41 35.49   29 12 19.5  
CIG  826    17 41 58.74   34 36  5.1    17 43 46.52   34 34 50.3  
CIG  827    17 44 10.94   37 17 54.8    17 45 53.89   37 16 49.4  
CIG  828    17 44 21.59   26 33 41.4    17 46 22.00   26 32 37.4  
CIG  829    17 44 19.95   61 55 45.3    17 44 48.71   61 54 37.8  
CIG  830    17 45 16.86    9 33 48.6    17 47 39.36    9 32 49.5  
CIG  831    17 46  9.73   12 32 36.4    17 48 28.62   12 31 41.0  
CIG  832    17 47 18.86   18 34 46.0    17 49 30.17   18 33 55.3  
CIG  833    17 48 18.01   83 09  5.2    17 41 37.30   83 07 59.5  
CIG  834    17 48 24.75   35 32 41.1    17 50 10.81   35 31 54.3  
CIG  835    17 49  0.07   15 49 55.6    17 51 14.88   15 49 12.4  
CIG  836    17 49  3.43   39 57 44.1    17 50 41.23   39 56 59.8  
CIG  837    17 49 57.93   70 09 24.1    17 49 26.75   70 08 39.1  
CIG  838    17 49 58.62   21 34 49.8    17 52  5.95   21 34 10.6  
CIG  839    17 54 46.83   49 02  1.7    17 56  3.62   49 01 41.7  
CIG  840    17 55  4.11   32 38 29.2    17 56 55.05   32 38 11.7  
CIG  841    17 57 49.93   45 53 21.6    17 59 14.73   45 53 15.2  
CIG  842    17 58 43.64   23 02 48.1    18 00 48.94   23 02 47.1  
CIG  843    17 58 34.86   58 32 32.2    17 59 19.37   58 32 27.6  
CIG  844    17 58 56.78   35 00 50.1    18 00 43.70   35 00 49.4  
CIG  845    18 05 53.29   52 15  9.7    18 07  0.74   52 15 37.9  
CIG  846    18 06 35.92   34 58  7.7    18 08 22.93   34 58 40.4  
CIG  847    18 07 46.08   38 47  2.1    18 09 26.14   38 47 39.8  
CIG  848    18 10 13.45   64 01 35.3    18 10 30.13   64 02 20.6  
CIG  849    18 15 13.72   61 40 44.7    18 15 43.69   61 41 52.3  
CIG  850    18 21 13.32   74 32 35.6    18 19 46.16   74 34  5.1  
CIG  851    18 25 13.29   73 09 12.3    18 24  7.43   73 10 60.0  
CIG  852    18 26  2.21   56 03 21.3    18 26 57.27   56 05 16.9  
CIG  853   18 27  4.98   38 00 50.1    18 28 46.84   38 02 52.0  
CIG  854    18 33 22.56   46 59 37.6    18 34 45.39   47 02  6.0  
CIG  855    18 35 22.62   70 28 52.9    18 34 49.84   70 31 25.8  
CIG  856    18 40 54.71   46 03 16.7    18 42 20.19   46 06 17.7  
CIG  857    18 40 49.45   86 51  5.4    18 23 12.44   86 53 25.1  
CIG  858    18 41  4.80   40 18 59.2    18 42 42.73   40 22  1.4  
CIG  859    18 41 44.00   70 29 53.5    18 41 11.88   70 32 53.9  
CIG  860    18 44 11.32   52 56 57.3    18 45 18.13   53 00 11.8  
CIG  861    18 44 44.67   48 47 21.5    18 46  3.52   48 50 38.8  
CIG  862    18 47 38.82   47 35 58.1    18 49  0.92   47 39 27.9  
CIG  863    18 52 42.05   45 31 59.9    18 54  9.47   45 35 51.5  
CIG  864    18 53 30.04   66 10  3.6    18 53 36.39   66 13 55.7  
CIG  865    18 57 42.74   58 31 56.6    18 58 30.64   58 36  8.0  
CIG  866    18 59 33.64   50 48 30.5    19 00 48.12   50 52 50.6  
CIG  867    19 07 25.61   53 16 29.7    19 08 33.56   53 21 22.7  
CIG  868    19 09 34.84   52 03 55.8    19 10 46.71   52 08 57.9  
CIG  869    19 13  8.97   63 30 55.1    19 13 35.16   63 36 10.5  
CIG  870    19 19  2.44   83 48 55.0    19 11 48.30   83 54 19.0  
CIG  871    19 19 23.51   54 06 58.2    19 20 30.29   54 12 40.8  
CIG  872    19 21 17.49   63 09  8.8    19 21 47.22   63 14 57.9  
CIG  873    19 26 55.57   77 10 34.7    19 24 55.02   77 16 41.7  
CIG  874    19 43  5.55   71 17 14.1    19 42 40.94   71 24 29.1  
CIG  875    20 15 12.68   79 15  9.9    20 12 50.71   79 24 23.2  
CIG  876    20 17 39.59    2 31 55.0    20 20 10.81    2 41 26.0  
CIG  877    20 24 19.88  -02 26 34.0    20 26 55.83  -02 16 39.1  
CIG  878    20 25 34.13    0 52 12.5    20 28  6.96    1 02 11.7  
CIG  879    20 27 36.46    2 53  0.5    20 30  7.43    3 03  6.7  
CIG  880    20 28 39.93    0 06 18.0    20 31 13.48    0 16 28.0  
CIG  881    20 33  7.53  -00 10 44.7    20 35 41.34  -00 00 19.4  
CIG  882    20 35 25.90  -02 12 52.6    20 38  1.55  -02 02 19.3  
CIG  883   20 36  5.82    1 33 42.2    20 38 38.06    1 44 17.6  
CIG  884    20 38 18.77    0 28 26.4    20 40 52.00    0 39  9.3  
CIG  885    20 41 21.75  -00 33 38.3    20 43 55.90  -00 22 45.3  
CIG  886    20 41 32.41    3 01 38.8    20 44  3.38    3 12 32.3  
CIG  887    20 42 25.15    1 19 51.3    20 44 57.62    1 30 47.8  
CIG  888    20 45 39.63   13 33 17.9    20 48  1.25   13 44 24.8  
CIG  889    20 46  0.59    7 33 14.9    20 48 27.63    7 44 23.0  
CIG  890    20 45 43.16   79 58 22.6    20 43 29.66   80 09 22.2  
CIG  891    20 48 18.44  -00 30 46.0    20 50 52.52  -00 19 30.2  
CIG  892    20 49 48.64  -00 06 48.3    20 52 22.38    0 04 32.3  
CIG  893    20 53  2.17  -00 49 38.9    20 55 36.51  -00 38  7.9  
CIG  894    20 54 28.61    6 37 29.4    20 56 56.67    6 49  4.8  
CIG  895    20 58 30.79   10 07 37.2    21 00 55.98   10 19 25.0  
CIG  896    20 59  0.93    1 25 42.2    21 01 33.40    1 37 31.7  
CIG  897    21 05 27.05   16 07 59.9    21 07 47.42   16 20  8.7  
CIG  898    21 09 20.70    2 07 23.8    21 11 52.68    2 19 44.6  
CIG  899    21 10 35.25   19 10 23.3    21 12 53.32   19 22 47.4  
CIG  900    21 12  3.75   21 20  7.5    21 14 20.02   21 32 35.8  
CIG  901    21 12 19.12   10 39 47.3    21 14 44.41   10 52 16.6  
CIG  902    21 13 31.37    9 20  3.4    21 15 57.76    9 32 36.1  
CIG  903    21 13 58.97   10 03 50.2    21 16 24.80   10 16 24.3  
CIG  904    21 15 24.79   13 22 58.2    21 17 48.04   13 35 36.4  
CIG  905    21 16 25.74   16 26 42.1    21 18 46.54   16 39 23.1  
CIG  906    21 17 42.45  -01 53 47.4    21 20 17.52  -01 41  2.5  
CIG  907    21 17 55.06   10 06 28.3    21 20 21.01   10 19 13.6  
CIG  908    21 18 30.14    1 29 59.8    21 21  2.66    1 42 46.9  
CIG  909    21 19 11.03   11 05 14.0    21 21 36.28   11 18  2.9  
CIG  910    21 19 12.08   21 01 41.8    21 21 29.24   21 14 30.6  
CIG  911    21 19 48.13   18 27  6.0    21 22  7.51   18 39 56.5  
CIG  912    21 20 55.92    9 55  6.1    21 23 22.14   10 07 59.9  
CIG  913    21 20 56.56   83 36 31.7    21 16 58.19   83 49 16.7  
CIG  914    21 21 49.74   15 46 22.5    21 24 11.44   15 59 18.6  
CIG  915    21 22 55.95    4 05 52.4    21 25 26.59    4 18 51.8  
CIG  916    21 25  8.66    3 01 35.4    21 27 40.12    3 14 40.8  
CIG  917    21 25 38.75    2 15 19.3    21 28 10.77    2 28 26.2  
CIG  918    21 29  4.68   15 35  4.4    21 31 26.99   15 48 20.2  
CIG  919    21 29 56.06    6 21 35.3    21 32 25.20    6 34 53.5  
CIG  920    21 31 20.25    7 12 50.5    21 33 48.83    7 26 12.4  
CIG  921    21 32 31.75   14 13 18.9    21 34 55.30   14 26 43.9  
CIG  922    21 36 54.87    2 36  1.2    21 39 26.76    2 49 37.6  
CIG  923    21 37 55.54   12 07 38.5    21 40 20.90   12 21 17.3  
CIG  924    21 38 56.71    0 39 59.2    21 41 29.92    0 53 40.8  
CIG  925    21 41  5.53    2 24 19.8    21 43 37.60    2 38  6.7  
CIG  926    21 42 45.01  -02 26 16.7    21 45 20.25  -02 12 25.7  
CIG  927    21 42 43.35    9 52 15.0    21 45 10.49   10 06  5.8  
CIG  928   21 43 28.60   11 26 48.9    21 45 54.72   11 40 41.5  
CIG  929    21 44  9.25    8 03 45.4    21 46 37.66    8 17 39.7  
CIG  930    21 44 26.85    1 28 49.6    21 46 59.54    1 42 44.7  
CIG  931    21 46 33.78    0 12 50.3    21 49  7.30    0 26 50.5  
CIG  932    21 46 35.38   12 16 51.8    21 49  1.10   12 30 51.9  
CIG  933    21 48 32.89    6 00 30.8    21 51  2.76    6 14 35.6  
CIG  934    21 50 43.91  -02 27 42.5    21 53 19.08  -02 13 32.5  
CIG  935    21 52  1.67    2 42 21.9    21 54 33.66    2 56 34.9  
CIG  936    21 55 34.14    0 46 11.2    21 58  7.34    1 00 32.2  
CIG  937    21 55 50.57  -00 58 43.7    21 58 24.81  -00 44 22.1  
CIG  938    21 56  8.72   13 52 59.7    21 58 33.95   14 07 21.8  
CIG  939    21 57 10.80   23 28 38.5    21 59 29.75   23 43  2.8  
CIG  940    21 58 13.88   10 18 42.2    22 00 41.43   10 33  9.0  
CIG  941    22 00 30.62   31 27 12.9    22 02 44.07   31 41 44.4  
CIG  942    22 00 58.89   13 51 23.9    22 03 24.44   14 05 56.6  
CIG  943    22 01 38.86  -00 16 26.8    22 04 12.67  -00 01 52.5  
CIG  944    22 01 54.57   26 07 48.7    22 04 12.20   26 22 23.3  
CIG  945    22 02 51.40   26 21 48.5    22 05  8.99   26 36 25.1  
CIG  946    22 03 32.92   20 23 44.8    22 05 54.59   20 38 23.0  
CIG  947   22 05 37.87   31 06 49.9    22 07 52.38   31 21 32.3  
CIG  948    22 06 51.60  -01 53 32.8    22 09 26.30  -01 38 47.6  
CIG  949    22 06 49.52   14 06 54.5    22 09 15.29   14 21 39.5  
CIG  950    22 06 53.76   21 16 21.9    22 09 15.21   21 31  7.0  
CIG  951    22 07 26.19   16 38 49.4    22 09 50.51   16 53 35.6  
CIG  952    22 07 34.67   16 14 40.2    22 09 59.25   16 29 26.7  
CIG  953    22 07 57.76   25 13 10.4    22 10 16.76   25 27 57.6  
CIG  954    22 10  7.96   26 57 39.3    22 12 26.08   27 12 30.9  
CIG  955    22 12 40.66   31 31 33.3    22 14 55.97   31 46 29.9  
CIG  956    22 13 12.30    1 48 59.8    22 15 45.02    2 03 57.7  
CIG  957    22 13 53.59   27 39 22.9    22 16 11.75   27 54 21.9  
CIG  958    22 15 21.75   28 01 54.2    22 17 39.87   28 16 56.0  
CIG  959   22 16 18.60  -01 18 34.2    22 18 52.92  -01 03 30.3  
CIG  960    22 16 45.62   24 20 49.1    22 19  6.25   24 35 53.6  
CIG  961    22 17 40.29    7 37 35.2    22 20 10.14    7 52 41.5  
CIG  962    22 20 17.00   28 13  1.8    22 22 35.70   28 28 12.8  
CIG  963    22 21  1.63   19 35 46.2    22 23 25.44   19 50 58.6  
CIG  964    22 21 54.04   28 52 19.8    22 24 12.56   29 07 33.8  
CIG  965    22 23 25.16   17 24 52.7    22 25 50.35   17 40  9.4  
CIG  966    22 26  4.33   11 47 32.9    22 28 32.50   12 02 54.3  
CIG  967   22 26  7.42   30 02 11.1    22 28 25.86   30 17 32.5  
CIG  968    22 26 29.02   19 48 33.4    22 28 53.25   20 03 55.5  
CIG  969    22 29 57.66   76 15 13.6    22 30 46.24   76 30 40.2  
CIG  970    22 31 34.68    9 54 50.7    22 34  4.01   10 10 21.4  
CIG  971    22 31 52.95   32 36  7.0    22 34 10.77   32 51 38.0  
CIG  972    22 32 20.50   15 41 24.7    22 34 47.25   15 56 56.5  
CIG  973    22 32 41.55    7 55 21.8    22 35 11.81    8 10 54.2  
CIG  974    22 33 31.53   20 03 46.8    22 35 56.32   20 19 20.5  
CIG  975    22 34 10.75   25 30 13.3    22 36 32.90   25 45 48.0  
CIG  976    22 34 59.89   10 16 17.7    22 37 29.23   10 31 53.7  
CIG  977   22 36 43.63  -01 57 37.3    22 39 18.11  -01 41 58.5  
CIG  978    22 38  1.38   15 45  0.8    22 40 28.54   16 00 41.5  
CIG  979    22 38  1.34   80 24 58.7    22 38 14.75   80 40 37.7  
CIG  980    22 38 42.40   13 04 41.0    22 41 10.76   13 20 22.7  
CIG  981    22 38 51.90    9 28 55.0    22 41 21.77    9 44 37.0  
CIG  982    22 41 26.05    7 07 41.5    22 43 56.96    7 23 27.3  
CIG  983    22 41 35.55   38 06 49.8    22 43 51.85   38 22 35.7  
CIG  984    22 42  2.21    3 22 58.8    22 44 34.59    3 38 45.5  
CIG  985    22 42 37.33    6 10  4.0    22 45  8.65    6 25 51.5  
CIG  986    22 43 43.40    9 53 50.8    22 46 13.33   10 09 39.8  
CIG  987    22 44  0.90   28 22 57.5    22 46 22.99   28 38 46.9  
CIG  988    22 45 43.94   28 01 43.8    22 48  6.45   28 17 35.5  
CIG  989    22 45 57.53    9 11 26.2    22 48 27.83    9 27 18.4  
CIG  990    22 47 16.64   14 49 26.6    22 49 44.89   15 05 20.4  
CIG  991    22 50 28.56   82 36 41.2    22 50 25.46   82 52 37.7  
CIG  992    22 50  6.63    5 49 39.3    22 52 38.30    6 05 37.0  
CIG  993    22 50  9.92   24 27 52.2    22 52 34.62   24 43 49.8  
CIG  994    22 50 18.53   29 03 51.8    22 52 41.27   29 19 49.6  
CIG  995    22 51  3.27   33 45  8.0    22 53 23.92   34 01  6.8  
CIG  996    22 51 13.68   30 09  2.0    22 53 36.07   30 25  1.0  
CIG  997    22 52 24.24   21 32 24.4    22 54 50.38   21 48 24.9  
CIG  998    22 53  9.01   29 32 16.7    22 55 31.98   29 48 18.1  
CIG  999    22 53 23.29    6 06 36.4    22 55 54.96    6 22 38.2  
CIG 1000    22 54 12.38   37 28 17.9    22 56 31.78   37 44 20.5  
CIG 1001    22 54 45.43  -01 19  0.4    22 57 19.54  -01 02 56.9  
CIG 1002    22 58  9.71    8 11 56.5    23 00 40.88    8 28  3.9  
CIG 1003    22 58 36.33    5 23  6.5    23 01  8.38    5 39 14.4  
CIG 1004    23 02 26.53   12 03  8.6    23 04 56.75   12 19 20.8  
CIG 1005    23 04 35.18    9 41 27.2    23 07  6.20    9 57 41.6  
CIG 1006    23 04 38.35   35 30 24.6    23 07  0.85   35 46 39.0  
CIG 1007    23 06 22.50   19 47 55.6    23 08 50.74   20 04 11.7  
CIG 1008    23 06 46.73    0 29  6.2    23 09 20.29    0 45 22.8  
CIG 1009    23 10  1.76   34 36 33.9    23 12 25.70   34 52 53.6  
CIG 1010    23 10 37.86   17 47  3.6    23 13  7.08   18 03 23.8  
CIG 1011    23 12 26.66   32 45  0.7    23 14 51.71   33 01 22.6  
CIG 1012    23 13 32.63   27 10 48.8    23 15 59.59   27 27 11.6  
CIG 1013    23 14 18.21   33 43 22.7    23 16 43.29   33 59 46.1  
CIG 1014    23 16  5.87   15 01 33.9    23 18 36.24   15 17 58.8  
CIG 1015    23 18 49.98   25 06 40.6    23 21 18.25   25 23  7.7  
CIG 1016    23 21  8.50   24 55  8.2    23 23 37.12   25 11 37.0  
CIG 1017    23 22 21.52   26 22 15.7    23 24 49.98   26 38 45.4  
CIG 1018    23 23  8.15    6 29  2.5    23 25 40.67    6 45 32.6  
CIG 1019    23 24 10.82   24 48 17.8    23 26 39.88   25 04 48.7  
CIG 1020    23 26 31.86   11 10 11.1    23 29  3.72   11 26 43.5  
CIG 1021    23 27  7.41   23 40 16.0    23 29 37.08   23 56 48.7  
CIG 1022    23 28 46.07   17 57 50.4    23 31 16.95   18 14 24.1  
CIG 1023    23 29  9.51   25 40  9.3    23 31 39.08   25 56 43.2  
CIG 1024    23 29 13.33   27 02 35.5    23 31 42.64   27 19  9.4  
CIG 1025    23 29 40.96    2 07 58.8    23 32 14.35    2 24 33.0  
CIG 1026    23 29 36.09   16 22 52.1    23 32  7.31   16 39 26.2  
CIG 1027    23 32 53.40    7 02 44.2    23 35 26.18    7 19 20.1  
CIG 1028    23 33 21.06   23 20 31.5    23 35 51.58   23 37  7.6  
CIG 1029    23 33 28.25   13 31 13.2    23 36  0.19   13 47 49.4  
CIG 1030    23 34  5.26   13 52 48.8    23 36 37.20   14 09 25.3  
CIG 1031    23 35  9.87   29 51 10.5    23 37 39.63   30 07 47.4  
CIG 1032    23 37 47.27    0 58  7.4    23 40 20.88    1 14 45.5  
CIG 1033    23 40  7.79    1 41 18.6    23 42 41.34    1 57 57.5  
CIG 1034    23 41 54.37    5 23 10.5    23 44 27.63    5 39 50.0  
CIG 1035    23 42 36.57   19 37 23.9    23 45  8.61   19 54  3.7  
CIG 1036   23 43 22.33   11 47  1.4    23 45 55.12   12 03 41.4  
CIG 1037    23 43 40.31    5 35 28.7    23 46 13.60    5 52  8.8  
CIG 1038    23 43 41.42   33 05 31.6    23 46 12.27   33 22 11.7  
CIG 1039    23 44 44.22   32 30 18.6    23 47 15.33   32 46 59.0  
CIG 1040    23 45 47.18   23 48 47.0    23 48 19.23   24 05 27.7  
CIG 1041    23 46 12.40   15 39  4.6    23 48 45.10   15 55 45.4  
CIG 1042    23 46 40.28   30 42 18.7    23 49 11.91   30 58 59.5  
CIG 1043    23 46 56.79   32 51 43.3    23 49 28.29   33 08 24.3  
CIG 1044    23 51 57.28   28 35 35.9    23 54 29.92   28 52 17.7  
CIG 1045    23 52 45.90    5 38 19.7    23 55 19.45    5 55  1.6  
CIG 1046    23 53  6.29   19 14 14.8    23 55 39.44   19 30 56.7  
CIG 1047    23 54 13.88    1 04 36.0    23 56 47.58    1 21 18.0  
CIG 1048    23 54 50.94   30 42 49.4    23 57 23.99   30 59 31.5  
CIG 1049    23 55  0.65   36 45  2.4    23 57 33.57   37 01 44.5  
CIG 1050    23 55 58.79   25 56 11.1    23 58 32.13   26 12 53.3  
CIG 1051    23 56 55.18   21 08 10.4    23 59 28.70   21 24 52.6  
