# hcg_index diameter diameter_err mass mass_err phase optical_diameter optical_diameter_err logm_star linear_res coldens_lim
HCG2a 5.0229e+01 1.1029e+00 8.2343e+09 3.8179e+05 1 2.1512e+01 1.5584e+00 9.8600e+00 2.0924e+01 6.2204e+19
HCG2b 2.2193e+01 3.3738e-01 7.7818e+08 1.4351e+05 1 1.2962e+01 1.7893e+00 9.7200e+00 2.0924e+01 5.1289e+19
HCG2c 2.9969e+01 6.4663e-01 2.1370e+09 1.4168e+05 1 1.4585e+01 1.5628e+00 9.7200e+00 2.0506e+01 3.3170e+19
HCG7a 2.8537e+01 8.5747e-01 1.2236e+09 6.8717e+04 1 2.9695e+01 1.5584e+00 1.0940e+01 1.0865e+01 2.2407e+19
HCG7c 4.0792e+01 3.0719e-01 3.7656e+09 9.5592e+04 1 2.5687e+01 1.6208e+00 1.0400e+01 1.1299e+01 2.4066e+19
HCG7d 1.8228e+01 8.8971e-01 7.7031e+08 3.4975e+04 1 1.3302e+01 1.5992e+00 1.0020e+01 1.0648e+01 2.0397e+19
HCG10a 7.9497e+01 4.8672e-01 7.7033e+09 4.2816e+05 1 4.8073e+01 1.7454e+00 0.0000e+00 2.1484e+01 4.5252e+19
HCG10d 1.5973e+01 1.9476e-01 6.2608e+08 3.9957e+04 1 1.4585e+01 1.8362e+00 0.0000e+00 1.8799e+01 1.0362e+19
HCG15f 2.1857e+01 nan 9.1079e+08 1.4489e+05 3c 1.6519e+01 2.8054e+00 9.3700e+00 3.1379e+01 1.7225e+19
NGC848 3.6921e+01 4.2674e-01 4.2762e+09 1.0635e+05 2 1.9227e+01 1.5628e+00 0.0000e+00 1.1927e+01 3.8541e+19
HCG16a 2.5125e+01 4.7975e-01 9.7233e+08 4.0368e+04 2 1.2921e+01 1.9111e+00 1.0920e+01 1.2414e+01 1.7439e+19
HCG16b 1.3056e+01 5.7847e-01 4.4556e+08 5.4189e+04 2 2.3116e+01 1.5628e+00 1.0970e+01 1.1927e+01 3.4861e+19
HCG16c 2.8723e+01 2.5344e-01 2.6740e+09 1.1070e+05 2 1.8835e+01 1.5309e+00 1.0250e+01 1.1683e+01 4.5661e+19
HCG16d 4.4702e+01 3.9943e-01 4.0314e+09 2.5703e+05 2 2.0652e+01 1.4961e+00 1.0350e+01 1.1683e+01 8.6221e+19
HCG19b 1.1638e+01 1.8609e-01 4.3379e+08 2.4856e+04 1 1.3481e+01 1.7367e+00 0.0000e+00 1.2376e+01 1.5902e+19
HCG19c 2.4831e+01 5.0086e-01 1.4407e+09 1.8854e+04 1 1.8967e+01 1.6519e+00 0.0000e+00 1.2614e+01 1.1858e+19
HCG22c 3.5110e+01 1.7797e-01 2.4140e+09 7.8389e+04 3c 1.4792e+01 1.1749e+00 9.5000e+00 1.0962e+01 3.6567e+19
HCG23-26 2.7397e+01 4.5032e-01 2.1452e+09 9.0963e+04 1 nan nan 0.0000e+00 1.1115e+01 5.8048e+19
HCG23a 3.9033e+01 5.9568e-01 1.8278e+09 1.0223e+05 1 2.9044e+01 1.9636e+00 0.0000e+00 9.8624e+00 6.6549e+19
HCG23b 4.3728e+01 6.1460e-01 5.5521e+09 2.3455e+05 1 3.1378e+01 2.0731e+00 0.0000e+00 1.0175e+01 8.9708e+19
HCG23d 2.7349e+01 4.3408e-01 1.6634e+09 9.1498e+04 1 1.1603e+01 2.3690e+00 0.0000e+00 9.2362e+00 6.0287e+19
HCG25a 5.4523e+01 1.2024e+00 8.4005e+09 1.6762e+05 1 3.1783e+01 2.5246e+00 1.0220e+01 3.3952e+01 9.4940e+18
HCG25b 3.6158e+01 3.8684e-01 3.4874e+09 1.8462e+05 1 2.3056e+01 2.4423e+00 0.0000e+00 3.4790e+01 8.2990e+18
HCG26a 6.3571e+01 8.7862e-01 1.4709e+10 4.9876e+05 1 5.0616e+01 4.3081e+00 0.0000e+00 1.9562e+01 7.2991e+19
HCG26e 2.0597e+01 9.0777e-01 7.6105e+08 1.4087e+05 1 1.3213e+01 4.3751e+00 0.0000e+00 1.9413e+01 7.2668e+19
HCG31a 1.5414e+01 1.6642e-01 1.5523e+09 9.2505e+04 2 1.8185e+01 1.8185e+00 0.0000e+00 4.7745e+00 3.2616e+20
HCG31b 1.7846e+01 1.4784e-01 1.4143e+09 5.5241e+04 2 1.4931e+01 2.2084e+00 0.0000e+00 5.0500e+00 1.6921e+20
HCG31c 1.6019e+01 2.6134e-01 9.0247e+08 4.9393e+04 2 9.9538e+00 2.3334e+00 0.0000e+00 4.8664e+00 2.2527e+20
HCG31g 1.3850e+01 1.6248e-01 9.4749e+08 4.2576e+04 2 8.1230e+00 1.8609e+00 0.0000e+00 4.7745e+00 1.9306e+20
HCG31q 1.2382e+01 1.7793e-01 5.1072e+08 3.7450e+04 2 nan nan 0.0000e+00 4.8664e+00 1.7071e+20
HCG33c 4.8172e+01 6.5803e-01 9.9943e+09 5.2533e+05 3c 2.5888e+01 4.3964e+00 0.0000e+00 1.2112e+01 1.9312e+20
HCG40c 2.8057e+01 5.2247e-01 2.7531e+09 2.2823e+05 2 4.6404e+01 3.3616e+00 1.0970e+01 3.6915e+01 1.0200e+19
HCG40d 2.4389e+01 nan 1.1701e+09 3.6598e+05 2 2.5998e+01 3.6723e+00 1.0670e+01 3.5123e+01 3.1018e+19
HCG56a 6.2540e+01 7.8080e-01 7.5139e+09 1.4682e+05 3c 3.4324e+01 3.7635e+00 1.0420e+01 1.7517e+01 2.8176e+19
HCG58a 4.3498e+01 3.3149e-01 4.5231e+09 2.2072e+05 2 3.3353e+01 2.8388e+00 0.0000e+00 3.5853e+01 9.5665e+18
HCG58e 2.4629e+01 nan 1.2284e+09 5.2812e+04 2 1.6703e+01 2.7720e+00 0.0000e+00 3.5009e+01 4.1114e+18
HCG59b 3.5196e+01 4.0701e-01 2.1554e+09 5.9420e+04 1 1.1339e+01 2.3151e+00 9.8800e+00 8.2504e+00 5.0445e+19
HCG59c 1.4836e+01 3.6811e-01 4.5347e+08 9.0882e+03 1 1.5242e+01 2.0561e+00 9.2400e+00 8.8098e+00 1.7303e+19
HCG59d 2.8163e+01 2.9962e-01 1.3538e+09 4.8302e+04 1 1.0166e+01 1.9371e+00 8.6600e+00 8.1106e+00 5.0976e+19
HCG61c 2.3540e+01 1.7580e-01 1.3540e+09 4.3397e+04 3a 2.8305e+01 1.9137e+00 0.0000e+00 9.3870e+00 2.6690e+19
HCG68c 6.7230e+01 4.0708e-01 8.2695e+09 4.9199e+03 3c 2.6619e+01 1.0356e+00 1.0930e+01 1.3192e+01 1.2915e+18
AGC242021 4.7895e+01 8.4665e-01 4.9747e+09 1.5912e+05 2 1.1776e+01 4.7972e+00 0.0000e+00 2.0832e+01 2.6114e+19
AGC732898 2.9155e+01 1.1453e+00 1.5750e+09 6.6194e+04 2 1.3624e+01 7.6613e+00 0.0000e+00 2.0514e+01 2.2105e+19
HCG71a 1.1725e+02 9.1185e-01 2.4008e+10 3.0750e+05 2 4.1454e+01 4.3408e+00 1.0890e+01 2.1150e+01 2.7491e+19
HCG71c 5.3875e+01 4.4005e-01 5.9550e+09 1.9015e+05 2 1.7523e+01 4.2036e+00 9.7100e+00 1.9560e+01 2.7818e+19
HCG79d 2.2947e+01 2.3133e-01 1.9229e+09 5.4375e+04 2 1.9456e+01 2.2858e+00 9.0300e+00 8.0228e+00 5.7469e+19
HCG88a 1.9520e+01 3.9340e-01 6.7420e+08 7.4847e+04 1 3.2580e+01 2.3602e+00 0.0000e+00 1.0188e+01 4.8159e+19
HCG88b 3.7033e+01 3.1785e-01 2.0696e+09 1.1122e+05 1 2.7099e+01 2.3602e+00 0.0000e+00 1.0188e+01 6.0776e+19
HCG88c 5.5133e+01 2.6715e-01 6.1204e+09 1.5061e+05 1 2.2324e+01 2.3921e+00 0.0000e+00 1.0326e+01 6.2715e+19
HCG88d 2.9828e+01 5.1136e-01 2.7384e+09 3.5384e+05 1 2.2540e+01 2.3602e+00 0.0000e+00 1.0188e+01 2.6568e+20
HCG90a 2.1880e+01 1.2588e+00 8.4228e+08 6.4710e+04 3c 2.3381e+01 9.9739e-01 0.0000e+00 9.8217e+00 2.7688e+19
HCG91a 5.8824e+01 1.5631e+00 6.3393e+09 2.6226e+05 2 5.1613e+01 2.9024e+00 1.1060e+01 3.0711e+01 1.7821e+19
HCG91b 5.3580e+01 5.3410e-01 4.6569e+09 3.3817e+05 2 3.4475e+01 2.9343e+00 1.0600e+01 3.1048e+01 1.8560e+19
HCG91c 3.9210e+01 6.2827e-01 4.7082e+09 2.2744e+05 2 2.4110e+01 2.9662e+00 1.0270e+01 3.1386e+01 1.6302e+19
HCG93b 4.2761e+01 5.6450e-01 2.4918e+09 2.6922e+04 3c 3.0332e+01 1.7454e+00 0.0000e+00 2.1717e+01 3.6844e+18
HCG96a 7.5728e+01 9.2695e-01 9.8083e+09 4.5421e+05 2 3.7859e+01 3.7859e+00 1.1310e+01 1.8306e+01 5.3841e+19
