    1  1  0  1  0  0  0  0  0
    2  0  0  0  0  0  0  0  0
    4  0  0  0  0  0  0  0  0
    5  0  0  0  0  0  1  0  0
    6  0  0  0  0  0  0  0  0
    7  0  0  1  0  0  0  0  0
    8  1  0  0  0  0  0  0  0
    9  0  0  0  0  0  0  0  0
   10  0  0  0  0  0  0  0  0
   11  1  0  0  0  0  0  1  0
   12  0  0  0  0  0  0  0  0
   13  0  0                 0
   14  0  0  1  0  1  0  0  0
   15  0  0  0  0  0  0  0  0
   16  1  1                 0
   18  0  0  0  0  0  0  0  0
   19  1  0                 0
   20  0  0                 0
   21  0  0                 0
   22  1  0  0  0  0  0  0  0
   23  1  0  0  0  0  0  0  0
   24  0  1                 0
   25  0  0                 0
   27  0  0  1  0  0  1  0  0
   28  0  0  0  0  0  0  0  0
   29  0  0  0  0  0  0  0  0
   30  0  0  0  0  0  0  0  0
   31  1  1  0  0  0  0  0  0
   32  0  0  0  0  0  0  0  0
   33  1  0  0  0  0  0  0  0
   34  0  0  0  0  0  0  0  0
   36  1  0  0  0  0  0  0  0
   37  0  0  0  0  0  0  0  0
   38  0  0  0  0  0  0  0  0
   39  0  0  0  0  0  0  0  0
   40  1  0  0  0  0  0  0  0
   41  1  0  0  0  0  0  0  0
   42  0  0  0  0  0  0  0  0
   44  0  0  0  0  0  1  0  0
   47  0  0  1  0  0  0  0  0
   49  1  0  0  0  0  0  0  0
   50  0  0  0  1  0  0  0  0
   51  0  0                 0
   53  0  0  0  0  0  0  0  0
   54  0  0  0  1  0  1  0  0
   55  0  0  0  0  0  1  0  0
   56  0  0  0  0  0  0  0  0
   57  0  1                 0
   58  1  0  0  0  0  0  0  0
   59  1  0  1  0  0  0  0  0
   60  0  0  1  0  0  0  0  0
   62  0  0  0  0  0  0  0  0
   63  0  0  0  1  0  0  0  0
   64  0  0  0  0  0  0  0  0
   65  0  0  1  0  0  0  0  0
   66  0  0  0  0  0  0  0  0
   67  0  0  0  0  0  0  0  0
   68  0  0  0  0  0  0  0  0
   69  0  0  0  0  0  0  0  0
   70  0  0  0  0  0  1  1  0
   71  1  0  0  0  0  0  0  0
   72  1  0  0  0  0  0  0  0
   73  0  0  0  1  0  0  0  0
   74  1  0  0  0  1  0  0  0
   75  0  0  0  1  0  0  0  0
   76  0  0  0  0  0  0  0  0
   77  0  0  0  0  0  0  0  0
   78  0  0  0  0  0  0  0  0
   79  0  0                 0
   80  1  0  0  0  0  0  0  0
   82  0  0  0  0  0  0  0  0
   83  0  0  0  0  0  0  0  0
   84  1  0  0  0  0  0  0  0
   85  1  0  0  0  0  0  0  0
   86  1  0  1  0  0  0  0  0
   87  0  0  0  0  0  0  0  0
   88  0  0  0  0  0  0  0  0
   90  0  0  1  0  0  0  0  0
   91  0  0  0  0  0  0  0  0
   92  0  0                 0
   93  0  0  0  0  0  0  0  0
   94  0  0  0  0  0  0  0  0
   95  0  0  0  0  0  0  0  0
   96  1  0  0  0  0  0  0  0
   97  0  0  0  0  0  0  0  0
   98  0  1  0  1  0  0  0  0
   99  0  0                 0
  100  0  0  0  0  0  0  0  0
  101  0  0                 0
  102  1  0  0  0  1  0  0  0
  103  0  0  0  0  0  0  0  0
  104  0  0  0  0  1  0  0  0
  106  1  0  0  0  0  0  0  0
  107  0  0  0  0  0  0  0  0
  108  0  0  1  0  0  0  0  0
  110  0  0                 0
  111  0  0                 0
  113  0  0  0  0  0  1  0  0
  114  1  0                 0
  115  1  0  0  0  0  0  0  0
  116  0  0  0  0  0  0  0  0
  118  0  0                 0
  119  0  0  1  0  0  0  0  0
  120  0  0  0  0  0  0  0  0
  122  1  0  0  0  0  0  0  0
  123  1  0  0  0  0  0  0  0
  124  0  0                 0
  125  0  0  0  0  0  0  0  0
  126  1  0  0  0  0  0  0  0
  127  0  0                 0
  128  0  0  0  0  0  0  0  0
  129  0  0  0  0  0  0  0  0
  130  0  0  0  0  0  0  0  0
  131  0  0  0  1  0  0  0  0
  132  0  0  0  0  0  0  0  0
  133  0  0  0  0  0  0  0  0
  134  0  0  0  0  0  0  0  0
  135  0  0  0  0  0  0  0  0
  136  0  0  0  0  0  1  0  0
  137  0  0  0  0  0  0  0  0
  138  0  0  0  0  0  0  0  0
  139  1  0  0  0  0  0  0  0
  141  0  0  0  0  0  0  0  0
  142  0  0  0  0  0  0  0  0
  143  0  0  0  0  0  0  0  0
  144  1  0  0  0  1  0  0  0
  145  0  0  0  0  0  1  0  0
  146  0  0  0  0  0  0  0  0
  147  1  0  0  0  0  0  0  0
  148  0  0  0  0  0  0  0  0
  149  0  0  0  0  0  0  0  0
  150  0  0  0  0  0  0  1  0
  151  0  0  0  0  0  0  0  0
  152  0  0  0  0  0  0  1  0
  153  0  0                 0
  154  1  0  0  0  0  0  0  0
  155  0  0  0  1  0  0  0  0
  156  0  0  0  0  0  0  0  0
  157  0  0  0  0  0  0  0  0
  158  0  0                 0
  159  1  0  0  0  0  0  0  0
  160  0  0  0  1  0  0  0  0
  161  0  0  0  0  1  1  0  0
  164  0  0  0  1  0  0  0  0
  165  0  0  0  0  0  0  0  0
  166  0  0  0  0  0  0  0  0
  167  1  0  0  0  0  0  0  0
  168  0  0  0  0  0  0  0  0
  169  0  0  0  0  0  0  0  0
  170  0  0  0  0  0  0  0  0
  171  1  0  0  0  0  0  0  0
  172  0  0  0  0  0  0  0  0
  173  0  0  0  0  0  0  0  0
  174  0  0                 0
  176  1  0  0  0  0  0  0  0
  177  0  0  0  0  0  0  0  0
  178  0  0  0  0  0  0  1  0
  179  0  0                 0
  181  0  0  0  0  0  0  0  0
  182  0  0  0  0  0  0  0  0
  183  0  0  0  0  0  0  0  0
  184  0  0                 0
  185  0  0  0  0  1  0  1  0
  186  0  0  0  0  0  1  0  0
  187  1  0  1  0  0  0  0  0
  188  1  0  0  0  0  0  0  0
  189  0  0                 0
  191  0  0  1  0  1  0  1  0
  192  1  0  1  0  0  0  0  0
  194  0  0  0  0  1  0  0  0
  195  0  0  1  0  0  1  0  0
  196  1  0  0  0  0  0  0  0
  198  1  0  0  0  0  0  0  0
  199  0  0  0  0  0  0  0  0
  200  0  0  1  0  0  0  0  0
  201  1  0  0  0  0  0  0  0
  202  0  0  0  0  0  0  0  1
  203  0  1                 0
  204  1  0  0  0  0  0  0  0
  205  0  0  0  0  0  0  0  0
  206  1  1                 0
  208  1  0  0  0  0  0  0  0
  209  0  0                 0
  210  0  0  0  0  0  0  0  0
  211  0  0                 0
  212  0  0  0  0  0  0  0  0
  213  0  0  0  0  0  0  0  0
  215  1  0                 0
  216  0  0  1  0  1  0  0  0
  217  0  0  1  0  0  0  0  0
  218  0  0  0  0  0  0  1  0
  219  0  0                 0
  220  1  0                 0
  221  0  1  0  0  1  1  1  0
  222  0  0  0  0  0  0  0  0
  223  0  1                 0
  224  1  0  0  0  0  0  0  0
  225  0  0  0  0  1  0  0  0
  226  0  0                 0
  227  0  0  0  0  0  0  0  0
  228  0  0                 0
  229  0  0                 0
  230  0  0  0  0  0  0  0  0
  231  1  0  0  0  0  0  0  0
  232  1  0  0  0  0  0  0  0
  233  0  1                 0
  234  0  0  0  0  0  0  0  0
  236  0  0  0  0  0  0  0  0
  237  1  0  0  0  0  0  0  0
  238  0  0  0  0  0  0  0  0
  240  0  0  0  0  0  0  0  0
  241  0  0  0  0  0  0  0  1
  242  0  1  0  1  0  0  0  1
  243  0  0  0  0  0  0  1  0
  244  0  0                 0
  245  0  1                 0
  246  1  0  0  0  0  0  0  0
  247  0  0  0  0  0  0  0  0
  248  0  0  0  0  1  0  1  0
  249  0  1  0  0  0  0  0  0
  250  0  0  0  0  0  0  0  0
  251  1  0  1  0  0  0  0  0
  252  1  0  0  0  0  0  0  0
  253  0  0  0  0  0  0  0  0
  256  0  1                 0
  257  0  1                 0
  258  0  0  0  1  0  0  0  0
  260  1  0  0  0  0  0  0  0
  261  0  0  1  0  0  0  0  0
  264  0  0  0  0  1  1  1  0
  266  0  0  0  0  0  0  0  0
  267  0  0  0  0  0  0  0  0
  268  0  0  0  0  0  0  0  0
  269  0  0                 0
  270  0  0                 0
  271  0  0  1  0  0  0  0  0
  273  0  1                 0
  274  0  1                 0
  275  1  0                 0
  276  0  0  0  0  0  0  0  0
  277  0  0  0  0  0  0  0  0
  278  0  0  0  0  0  0  0  0
  279  0  0  0  0  0  0  0  0
  280  0  0  0  0  0  0  0  0
  281  0  0  0  0  0  0  0  0
  282  0  0                 0
  283  1  0  0  0  0  0  0  0
  284  0  1                 0
  286  0  1  0  0  0  0  0  0
  287  1  0  0  0  0  0  0  0
  288  0  1  0  1  0  0  1  0
  289  0  0                 0
  290  0  0  1  0  0  0  0  0
  291  0  0  0  0  0  0  0  0
  292  1  0  0  0  0  0  0  0
  293  0  0  0  0  0  0  0  0
  294  1  0  0  0  0  0  0  0
  295  1  0  0  0  0  0  1  0
  296  0  0  0  0  0  0  0  0
  298  1  0  0  0  0  0  0  0
  299  0  0  0  0  0  0  0  0
  301  0  0                 0
  302  1  0                 0
  304  0  0  0  0  0  0  1  0
  305  0  0                 0
  306  0  0  0  0  0  0  0  0
  307  0  1                 0
  310  0  0                 0
  311  0  0                 0
  312  1  0  0  0  0  0  0  0
  314  0  0  0  0  0  0  0  0
  315  0  1                 0
  316  0  0                 0
  317  0  0  0  0  0  0  0  0
  319  1  0  0  0  0  0  0  0
  321  0  1                 0
  322  0  1  0  0  0  1  0  0
  323  1  0  0  0  0  0  0  0
  325  0  0  0  0  0  0  0  0
  326  1  0  0  0  0  0  0  0
  327  1  0                 0
  328  0  0  0  0  0  0  0  0
  329  0  0  0  0  1  0  0  0
  330  0  0  0  0  0  0  0  0
  331  1  0  0  0  0  0  1  0
  332  0  0  0  0  0  0  0  0
  333  0  0  0  0  0  0  0  0
  334  0  0  0  0  0  0  1  0
  335  1  0  0  0  0  0  0  0
  336  0  0  0  0  0  0  0  0
  338  0  0  0  1  0  0  0  0
  339  0  0  0  0  0  0  0  0
  340  1  0  0  0  0  0  0  0
  342  0  0  1  0  0  0  1  0
  343  0  0  0  0  0  0  0  0
  344  0  0  0  0  0  0  0  0
  345  1  0  0  0  0  1  1  0
  346  0  0  0  0  0  0  0  0
  348  0  1                 0
  349  0  0                 0
  350  0  0                 0
  351  0  0  0  0  0  0  0  0
  352  0  0  0  0  0  0  0  0
  353  0  0  0  0  0  0  0  0
  354  0  1  0  0  1  1  1  0
  355  0  0  0  0  1  0  0  0
  356  0  0  0  0  0  0  0  0
  357  0  0  0  0  0  0  0  0
  358  0  0  1  0  1  1  0  0
  359  0  0  0  0  0  0  0  0
  361  0  0  0  0  0  0  0  0
  362  1  0  0  0  0  0  0  0
  363  0  0  0  0  0  0  1  0
  364  0  0                 0
  366  0  0  0  0  0  0  0  0
  367  0  0  0  0  0  0  0  0
  368  0  0  0  0  0  0  1  0
  370  0  0                 0
  371  1  0  1  0  0  0  0  0
  372  0  0  0  0  0  1  0  0
  373  0  1                 0
  374  0  0  1  0  0  0  0  0
  375  0  0                 0
  376  1  0  0  1  0  0  1  0
  377  1  0  0  0  0  0  0  0
  378  0  0                 0
  379  1  0  1  0  0  0  0  0
  380  0  1                 0
  381  0  1                 0
  382  1  0  0  0  0  0  0  0
  383  1  0  0  0  0  0  0  0
  384  0  0                 0
  385  0  0  0  1  0  0  0  0
  386  0  0  0  0  0  0  0  0
  387  0  1                 0
  390  0  0  0  0  0  0  0  0
  391  0  0  0  0  0  0  0  0
  392  0  0                 0
  393  0  0  0  0  1  0  0  0
  394  1  0                 0
  395  0  0                 0
  396  0  0                 0
  397  0  0  0  0  0  0  0  0
  399  0  0  0  0  0  0  0  0
  400  1  0  0  0  0  0  0  0
  401  1  0  0  0  0  0  0  0
  402  0  0  1  0  0  0  0  0
  403  1  1                 0
  405  1  0  0  0  0  0  0  0
  406  0  1                 0
  407  1  0  0  1  0  0  1  0
  409  0  0  0  0  0  0  0  0
  410  1  0  0  0  1  0  0  0
  411  0  0                 0
  412  1  1                 0
  413  0  0                 0
  415  0  1                 0
  416  1  0  0  0  0  0  0  0
  417  0  0  0  0  0  0  0  0
  418  0  0  1  0  0  0  0  0
  420  0  0                 0
  421  1  0  0  0  0  0  0  0
  423  1  0  0  0  0  0  0  0
  424  0  1  0  0  0  0  0  0
  425  0  1                 0
  427  0  1  0  0  0  0  0  0
  429  0  0  0  0  1  0  0  0
  430  0  0  0  0  0  1  1  0
  431  0  0                 0
  432  0  0  0  0  0  0  0  0
  433  0  0  0  0  0  0  0  0
  438  0  0  1  0  1  0  1  0
  439  1  1  0  1  0  0  0  0
  441  0  0  0  0  0  0  0  0
  443  0  0                 0
  444  0  0  1  0  0  0  0  1
  445  0  0  0  0  0  0  0  0
  446  0  0  0  0  0  0  0  0
  450  0  1  0  0  0  0  1  0
  452  0  1  1  0  0  0  0  0
  453  0  0  0  0  0  0  0  0
  454  0  0  0  0  0  0  0  0
  456  0  0                 0
  457  1  0  0  0  0  0  0  0
  458  0  1                 0
  460  0  0  0  0  0  1  0  0
  461  1  0  0  0  0  0  0  0
  462  0  0                 0
  463  1  0  0  0  0  0  0  0
  466  0  0  0  0  0  0  0  0
  467  0  0  0  0  1  1  0  0
  468  0  0  1  0  1  0  0  0
  471  0  0                 0
  473  1  0  1  0  0  0  0  0
  474  1  0  1  0  0  0  0  0
  477  1  0  0  0  0  0  0  0
  480  0  0                 0
  481  0  0  1  0  0  0  0  0
  482  0  0  1  0  0  0  0  0
  483  0  0  0  0  1  0  0  0
  484  0  0  1  0  0  0  1  0
  485  0  1                 0
  487  0  0  0  0  0  0  0  0
  489  0  0  0  0  0  0  0  0
  490  0  0                 0
  491  0  0  0  0  0  0  0  0
  492  0  0  0  0  0  0  0  0
  494  0  0  0  0  0  1  1  0
  495  0  1                 0
  496  0  0  1  0  0  0  0  0
  497  0  0  0  0  0  0  0  0
  498  0  0  0  0  0  0  0  0
  499  1  0  0  0  0  0  0  0
  500  0  0  0  0  0  0  0  0
  501  0  0  0  0  0  0  0  0
  502  1  0  1  0  0  0  0  0
  503  1  0  0  0  0  0  0  0
  504  0  0                 0
  505  0  0  0  0  0  0  1  0
  506  1  0  0  0  0  0  0  0
  507  1  0  0  0  0  0  0  0
  508  0  0  0  0  0  0  0  0
  509  0  0  1  0  0  0  1  0
  510  0  1  0  1  0  1  0  0
  511  1  0  0  0  0  0  0  0
  512  1  0  1  0  0  0  0  0
  514  0  0                 0
  515  0  0  0  0  1  0  1  0
  516  0  0  0  0  0  0  0  0
  517  0  1                 0
  519  0  1                 0
  520  1  0                 0
  521  0  0                 0
  522  0  0                 0
  525  0  0  0  0  0  0  0  0
  527  1  0  0  0  0  0  0  0
  529  1  1                 0
  532  1  0  0  1  0  0  0  0
  537  0  1                 0
  538  0  0  0  0  0  0  0  0
  539  1  0  1  0  0  0  0  1
  540  0  0  0  0  0  0  0  1
  541  0  1  0  0  0  0  0  0
  542  0  0                 0
  544  0  0  0  0  0  0  0  0
  545  1  0  0  0  0  0  0  0
  546  0  0                 0
  548  0  0  0  0  0  0  0  0
  549  1  0  0  0  0  0  0  0
  550  1  0  1  0  0  0  0  0
  551  1  0  0  0  0  0  0  0
  553  0  0  0  0  0  0  0  0
  554  0  0                 0
  555  1  1  0  1  0  0  0  0
  556  1  1                 0
  561  0  0  0  0  0  0  0  0
  562  0  0  0  0  0  0  0  0
  564  0  0  1  0  0  0  0  0
  565  0  1                 0
  566  0  0  0  0  0  0  0  0
  567  0  0  0  0  0  0  1  0
  568  0  0  0  0  0  0  0  0
  569  1  0  0  0  0  0  0  0
  570  0  1                 0
  572  0  0                 0
  573  0  0  0  0  0  0  0  0
  575  0  0  0  0  0  0  0  0
  576  0  0  0  0  0  0  0  0
  578  0  0                 0
  579  0  1  0  0  0  0  0  0
  580  0  0                 0
  581  0  0  0  0  0  0  0  0
  582  0  1  0  0  0  0  0  0
  583  0  1                 0
  585  0  1                 0
  586  0  1                 0
  587  1  0                 0
  591  0  0                 0
  592  0  1                 0
  593  0  0  0  0  0  0  0  0
  595  1  0                 0
  596  0  1                 0
  598  1  0  0  0  0  0  0  0
  599  0  0                 0
  600  0  1  0  0  0  0  0  0
  601  1  0  0  0  0  0  0  0
  603  0  0  0  0  0  0  0  0
  604  0  0  0  0  0  0  0  0
  605  1  0  0  0  0  0  0  0
  607  0  1                 0
  609  0  0  0  0  0  0  0  0
  611  0  0  0  0  0  0  0  0
  612  1  0  0  0  0  0  0  0
  613  0  0  0  0  0  0  0  0
  615  1  0  0  0  0  0  0  0
  616  1  0  0  0  0  0  0  0
  617  0  1                 0
  618  1  1                 0
  620  0  0                 0
  622  0  0  0  0  0  0  0  0
  623  0  0                 0
  625  1  0  0  0  0  0  0  0
  626  1  0  0  0  0  0  0  0
  628  0  0  0  0  0  0  0  0
  630  0  0  1  0  0  0  0  0
  631  1  0  0  0  0  0  0  0
  633  0  0  0  0  0  0  0  0
  634  1  0  1  0  0  0  0  0
  635  0  0  0  0  0  0  0  0
  636  0  1                 0
  638  0  0  0  0  0  0  0  0
  639  0  0                 0
  640  0  0                 0
  641  0  0  1  0  0  1  0  0
  643  1  0  0  0  0  0  0  0
  644  1  0                 0
  645  1  0  1  0  0  0  0  0
  646  0  0                 0
  647  0  0                 0
  648  0  0                 0
  649  0  0  0  0  0  1  0  0
  650  0  0                 0
  651  0  0  1  0  0  0  0  0
  652  0  0  1  0  0  0  0  0
  653  1  0  1  0  0  0  1  0
  654  0  0  0  0  0  0  0  0
  655  1  0  0  0  0  0  0  0
  658  0  0                 0
  659  0  0                 0
  660  0  0  0  0  0  0  0  0
  661  0  0  0  0  0  0  0  0
  666  0  0  1  0  0  0  1  0
  667  0  0                 0
  668  1  0  0  0  0  0  0  0
  669  0  0  0  0  0  0  0  0
  670  0  0                 0
  671  0  0  0  0  0  0  0  0
  672  0  0  0  0  0  0  0  0
  674  0  0  0  0  0  0  0  0
  675  1  1  0  0  0  0  0  0
  676  1  0  0  0  0  0  0  0
  677  0  0                 0
  678  0  1                 0
  679  0  0  0  0  0  1  0  0
  680  1  0  0  0  0  0  0  0
  683  1  0  0  0  1  1  1  0
  684  0  0                 0
  687  0  1  0  0  0  0  1  0
  688  0  1  1  0  0  0  0  0
  689  0  0  0  0  0  0  0  0
  690  0  0  0  0  0  0  0  0
  692  1  0  0  0  0  0  0  0
  693  0  1  0  0  0  1  1  0
  694  1  0  0  0  0  0  0  0
  695  1  0  0  0  0  0  1  0
  696  0  0                 0
  697  0  0  0  0  0  0  0  0
  698  0  0                 0
  700  0  0  0  0  0  0  0  0
  702  0  0  0  0  0  0  0  0
  703  0  1                 0
  705  0  0                 0
  706  0  0  0  0  0  0  0  0
  708  0  0                 0
  709  0  0                 0
  711  1  0  0  1  0  0  0  0
  712  0  0  0  0  0  0  0  0
  714  0  0  0  0  0  0  0  0
  716  1  0  0  0  0  0  0  0
  718  0  1                 0
  719  1  0  0  1  0  0  0  0
  720  1  0  0  0  1  0  0  0
  721  0  0  0  0  0  1  1  0
  722  0  0                 0
  723  0  0  0  0  0  0  0  0
  724  0  0  0  0  0  0  0  0
  725  0  1  0  0  0  1  1  0
  726  0  0  0  0  0  0  0  0
  727  0  0                 0
  728  0  0  0  0  0  0  1  0
  729  0  0  0  0  0  0  0  0
  731  0  0                 0
  732  0  0                 0
  733  0  0                 0
  734  0  0                 0
  735  0  0                 0
  736  1  0  0  0  0  0  0  0
  737  0  0  0  0  0  0  0  0
  739  0  0  0  0  0  0  0  0
  740  0  0  0  0  0  1  0  0
  741  0  0  0  0  0  0  0  0
  742  0  0                 0
  743  0  0  0  0  0  0  0  0
  744  0  0  0  0  0  0  0  0
  745  0  0  0  0  0  1  0  0
  746  0  0                 0
  749  0  1                 0
  750  0  0  0  0  0  0  0  1
  751  0  0  0  0  0  0  0  0
  752  0  0                 0
  754  0  0  0  0  0  0  0  0
  755  0  0                 0
  756  0  0  0  0  0  0  0  0
  757  0  0  0  0  0  0  0  0
  759  0  0                 0
  761  1  0  0  0  0  0  0  0
  762  1  1                 0
  763  0  0                 0
  765  0  0  0  0  0  0  0  0
  767  1  1  0  0  0  0  0  0
  768  0  0                 0
  769  0  0  0  0  0  0  0  0
  770  0  0                 0
  771  0  1                 0
  772  0  0  0  0  0  0  0  0
  773  1  0  0  0  0  0  0  0
  774  1  0  0  0  0  1  0  0
  776  0  0                 0
  777  1  0  0  0  0  0  0  0
  778  1  0  0  0  0  0  0  0
  779  0  0                 0
  780  0  0                 0
  782  0  0                 0
  784  0  0  0  0  0  1  0  0
  785  0  0  0  0  0  0  0  0
  786  0  0  0  0  0  0  0  0
  788  1  0                 0
  791  0  0  0  0  0  0  0  0
  792  0  0                 0
  793  0  0  0  0  0  0  0  0
  794  0  0  1  0  0  0  0  0
  795  0  0                 0
  796  0  0                 0
  797  0  0  0  0  0  0  0  0
  799  0  0  0  1  0  0  0  0
  800  0  0  0  0  0  0  0  0
  805  0  0  0  0  0  0  0  0
  806  0  0  0  0  0  0  0  1
  807  0  0                 0
  808  1  0  0  0  0  0  0  0
  809  0  0  0  0  1  0  0  0
  810  0  0  0  0  0  0  0  0
  811  0  0  0  0  0  0  0  0
  812  1  0  0  0  0  0  0  0
  815  0  0                 0
  816  0  0  0  0  0  0  0  0
  817  0  0  0  1  0  0  0  0
  818  0  0  0  0  0  0  0  0
  819  0  0  0  0  1  1  1  0
  820  0  0                 0
  821  0  0  0  0  1  0  0  0
  823  0  0                 0
  824  0  0  1  0  0  0  0  0
  826  0  1                 0
  828  1  0  0  0  0  0  0  0
  829  0  0                 0
  830  0  0  1  0  0  0  0  0
  831  0  0  1  0  0  0  0  0
  833  0  0                 0
  834  0  0  0  0  1  0  0  0
  835  0  0                 0
  838  0  0  0  0  0  0  0  0
  839  0  0                 0
  840  0  0  0  0  0  0  0  0
  843  0  0  0  0  0  0  0  0
  844  0  0  0  0  0  0  0  0
  845  0  0                 0
  846  0  0  0  0  0  0  0  0
  847  0  0  1  0  0  0  0  0
  848  0  0  0  0  0  0  0  0
  849  1  0  0  0  0  0  0  0
  852  1  0  0  0  0  0  0  0
  853  0  0  0  0  0  0  0  0
  854  0  0  0  0  0  0  0  0
  856  0  0  0  0  0  1  0  0
  858  0  0  0  0  0  0  1  0
  859  1  0  0  0  0  0  0  0
  860  0  0                 0
  861  0  0  0  0  0  0  0  0
  862  0  0  1  0  0  0  0  0
  864  0  0                 0
  865  0  1                 0
  866  1  0  0  0  0  0  0  0
  867  0  0  0  0  0  1  0  0
  868  0  0                 0
  870  0  0  0  0  0  0  0  0
  871  0  0                 0
  872  0  0  0  0  0  0  0  0
  875  0  0  0  0  0  0  0  0
  876  0  0  0  0  1  0  0  0
  877  0  0  0  0  0  0  1  0
  879  0  0  0  0  0  0  0  0
  880  0  0  0  0  0  0  0  0
  881  0  0  0  0  0  0  0  0
  882  0  0  0  0  0  1  1  0
  883  0  0  0  0  0  0  0  0
  884  0  0  0  0  0  0  0  0
  886  0  0                 0
  887  0  0  0  0  0  0  0  0
  888  0  0  0  0  0  0  0  0
  889  0  0  0  0  0  0  0  0
  890  1  0  0  0  0  0  0  0
  891  0  1  0  0  0  0  0  0
  892  0  0  0  0  0  0  0  0
  893  1  0                 0
  894  0  0                 0
  895  0  1  1  0  0  0  0  0
  896  0  0                 0
  897  0  0  0  0  0  0  0  0
  900  0  0  0  0  0  1  0  0
  901  0  1  0  0  0  0  0  0
  902  0  0  0  0  0  0  0  0
  903  0  1                 0
  904  0  0  0  0  0  0  0  0
  906  0  0  0  0  0  0  0  0
  907  0  0  0  0  0  0  0  0
  909  0  0  0  0  0  0  0  0
  910  0  0  0  0  0  0  0  0
  911  0  0  0  0  0  0  0  0
  912  0  0  0  0  0  0  0  0
  913  0  0  0  0  0  0  0  0
  914  0  0  0  0  0  0  0  0
  915  0  0  0  0  1  0  0  0
  916  0  0  0  0  0  0  0  0
  917  0  0  0  0  1  0  0  0
  918  0  1  0  0  0  0  1  0
  919  0  0  0  0  0  0  0  0
  921  0  1  0  0  0  0  0  0
  922  1  0  0  0  0  0  0  0
  923  1  0  0  0  0  0  0  0
  924  0  0  0  0  0  0  0  0
  925  0  0  0  0  0  0  0  0
  926  0  1  0  0  1  0  0  0
  927  0  0  0  0  0  0  0  0
  928  0  1  0  0  0  0  0  0
  929  0  0  0  0  0  0  0  0
  930  0  0  0  0  0  0  0  0
  931  0  0  0  0  0  0  0  0
  932  0  0  0  0  0  0  0  0
  933  1  1  0  1  0  0  0  0
  934  1  0  1  0  0  0  0  0
  935  0  0  0  0  0  0  0  0
  936  1  0  0  0  0  0  0  0
  937  0  0  0  0  0  0  0  0
  938  0  0  0  1  0  0  0  0
  939  0  0  0  0  0  0  0  0
  940  0  0  0  0  0  0  0  0
  941  0  0  0  0  0  0  0  0
  942  0  1  0  0  0  0  0  0
  943  0  0  0  0  0  0  0  0
  944  0  1  0  0  0  0  0  0
  945  1  0  0  0  0  0  0  0
  948  0  0                 0
  949  0  0  0  0  0  0  0  0
  950  0  0  0  0  0  0  0  0
  951  0  0  0  0  0  0  0  0
  952  0  1                 0
  953  0  1  0  0  0  0  0  0
  954  0  0                 0
  955  0  0  0  0  0  1  0  0
  957  0  0  0  0  0  0  0  0
  958  0  0  0  0  0  0  0  0
  959  1  0  0  0  0  0  1  0
  960  0  0  0  0  0  0  0  0
  961  0  1  1  0  0  0  0  0
  962  0  0  0  0  0  1  0  0
  963  0  1  0  0  0  0  0  0
  965  0  0  0  0  0  0  0  0
  966  0  0  0  0  1  0  0  0
  969  0  0  0  0  0  0  0  0
  970  0  0  0  0  0  0  0  0
  972  1  0  0  0  0  0  0  0
  973  0  0  0  0  0  0  0  0
  974  0  0  0  0  0  0  0  0
  975  0  0  0  0  0  0  0  0
  976  0  0  0  0  0  0  0  0
  978  0  0  0  0  0  0  0  0
  979  0  0  1  0  0  0  0  0
  980  0  0  0  0  0  0  0  0
  981  0  0  0  0  0  0  0  0
  982  0  0  0  0  0  0  0  0
  983  0  0  1  0  0  0  1  0
  984  0  0  0  0  0  0  0  0
  985  1  0  0  0  0  0  0  0
  986  0  0  0  0  0  0  0  0
  987  0  0  0  0  0  0  0  0
  988  0  0  0  0  0  0  0  0
  989  0  0  0  0  0  0  0  0
  990  0  0  0  0  0  0  0  0
  992  0  0  1  0  0  0  0  0
  993  0  0  0  0  0  0  0  0
  994  0  1                 0
  996  0  0  0  0  0  0  0  0
  997  0  0  0  0  0  0  0  0
  998  0  0  0  0  0  0  0  0
  999  1  0                 0
 1000  0  0  0  0  0  0  0  0
 1001  1  0  0  0  0  0  0  0
 1002  0  0  0  0  0  0  0  0
 1003  1  0  0  0  0  0  0  0
 1004  1  0  0  0  0  0  0  0
 1005  0  0  0  0  0  0  0  0
 1006  0  0  0  0  0  0  0  0
 1007  0  0  0  0  0  0  0  0
 1008  0  0  0  0  0  0  0  0
 1009  0  0  0  0  0  0  0  0
 1010  0  0  0  0  0  0  0  0
 1011  0  0                 0
 1012  0  0  0  0  0  0  0  0
 1014  0  0  0  0  0  0  0  0
 1015  0  0  0  1  0  0  0  0
 1016  0  0  0  0  0  0  0  0
 1017  0  0  0  0  0  0  0  0
 1018  0  0  0  0  0  0  0  0
 1019  0  0  0  0  0  0  0  0
 1021  0  1  1  0  0  0  0  0
 1022  1  0                 0
 1023  1  0  0  0  0  0  0  0
 1024  0  0  1  0  0  0  0  0
 1025  0  0  0  0  0  0  0  0
 1026  0  0                 0
 1027  0  0  0  0  0  0  0  0
 1028  0  0  0  0  0  0  0  0
 1029  0  1  0  0  1  0  0  0
 1030  1  0  0  0  0  0  0  0
 1032  0  0  1  0  0  0  0  0
 1033  0  0  0  0  0  0  1  0
 1034  0  0  0  0  0  1  0  0
 1035  0  0  0  0  0  0  0  0
 1036  0  0  0  0  0  0  0  0
 1037  0  0  0  0  0  0  0  0
 1038  1  0  0  0  0  0  0  0
 1039  0  0  0  0  0  0  0  0
 1040  0  1  0  0  0  0  0  0
 1041  0  0  0  0  0  0  0  0
 1042  0  0  1  0  0  0  0  0
 1043  0  1  0  0  0  0  0  0
 1044  0  0  0  0  0  0  0  0
 1045  1  0  0  0  0  1  0  0
 1046  1  0  0  0  0  0  0  0
 1047  1  0  0  0  0  0  0  0
 1048  0  0  1  0  0  0  0  0
 1050  0  1  0  0  0  0  0  0
 1051  0  0  0  0  0  0  0  0
