   1  7299  7180 102.6 4.2 10.18 0.12 560 10.71 0
   2  6995  6903  98.6 4.1  9.87 0.12 251  9.72 0
   4  2310  2340  33.4 3.0  9.72 0.12 483  9.89 0
   5  7865  7737 110.5 4.3  9.44 0.12 365  9.82 0
   6  4527  4475  63.9 3.4  9.44 0.12 300  9.29 0
   7 12761 12566 179.5 5.9 10.11 0.12 429 10.50 0
   8  6355  6242  89.2 3.9  9.91 0.12 390 10.07 0
   9  8484  8333 119.0 4.5 10.27 0.12 416 10.22 0
  10  4994  4967  71.0 3.5  9.41 0.12 308  9.54 0
  11  3963  3906  55.8 3.2 10.06 0.12 342 10.03 0
  12  5478  5382  76.9 3.6  9.68 0.12 322  9.78 0
  13  5240  5147  73.5 3.6            486  8.50 1
  14  5195  5101  72.9 3.6  9.03 0.12 336  9.50 0
  15 11665 11491 164.2 5.6  9.78 0.12 496 10.50 0
  16  5485  5383  76.9 3.7            254  9.92 1
  18  7216  7102 101.5 4.1  9.85 0.12 309  9.71 0
  19  5390  5290  75.6 3.6            309  9.92 1
  20  5104  5083  72.6 3.5            158  9.60 1
  21  7969  7822 111.7 4.3            297  9.50 1
  22 13040 12828 183.3 6.1  9.65 0.12 847 10.26 0
  23  5600  5501  78.6 3.6  9.58 0.12 391  9.58 0
  24  7035  6893  98.5 4.0            289 10.16 1
  25  5276  5171  73.9 3.6            100  9.27 1
  27  4599  4526  64.7 3.4  8.92 0.12 276  9.45 0
  28  5639  5602  80.0 3.7  9.68 0.12 198  9.14 0
  29  4185  4136  59.1 3.3  9.58 0.12 312  9.41 0
  30  4590  4499  64.3 3.4  9.56 0.12 211  9.37 0
  31  5599  5552  79.3 3.7  9.89 0.12 221  9.20 0
  32  5287  5199  74.3 3.6  9.68 0.12 256  9.79 0
  33  4173  4090  58.4 3.3 10.00 0.12 347  9.95 0
  34  4958  4875  69.6 3.5  9.50 0.12 249  9.58 0
  36  5855  5792  82.7 3.7  9.39 0.12 197  9.96 0
  37  6773  6655  95.1 4.0  9.49 0.12 383 10.08 0
  38  6035  5952  85.0 3.8  9.74 0.12 321 10.01 0
  39  2679  2663  38.0 3.0  9.37 0.12 238  9.09 0
  40 11736 11519 164.6 5.6 10.22 0.12 537 10.63 0
  41  6151  6064  86.6 3.8 10.00 0.12 365  9.84 0
  42  5473  5354  76.5 3.6  9.67 0.12 362  9.33 0
  44  6022  5881  84.0 3.7  9.17 0.12 319  9.69 0
  47  8885  8711 124.4 4.6  9.91 0.12 342 10.40 0
  49  5193  5067  72.4 3.6 10.20 0.12 323  9.89 0
  50  2136  2111  30.2 2.9  8.83 0.12 132  7.87 0
  51  5149  5064  72.3 3.5            266  9.73 1
  53  3136  3087  44.1 3.1  9.13 0.12 123  8.78 0
  54  4176  4075  58.2 3.3  9.32 0.12 207  9.36 0
  55 13979 13741 196.3 6.4 10.07 0.12 425  9.55 0
  56  5166  5035  71.9 3.5  9.77 0.12 342  9.70 0
  57 16781 16511 235.9 7.4            329 10.34 1
  58 10901 10706 152.9 5.4 10.14 0.12 571 10.62 0
  59  4302  4193  59.9 3.3  9.96 0.12 211  9.56 0
  60  5149  5019  71.7 3.6  9.24 0.12 269  9.26 0
  62  5654  5570  79.6 3.7  9.83 0.12 309 10.02 0
  63  1613  1610  23.0 2.8  8.75 0.12 148  8.32 0
  64  3127  3082  44.0 3.1  9.36 0.12 246  9.28 0
  65 11179 10994 157.1 5.4 10.06 0.12 303 10.67 0
  66  4657  4876  69.7 3.5  9.41 0.12 297  9.05 0
  67  9768  9569 136.7 4.9 10.01 0.12 377 10.57 0
  68  1733  1722  24.6 2.8  7.31 0.12 149  7.47 0
  69  7669  7518 107.4 4.2  9.81 0.12 209  9.36 0
  70  8156  7993 114.2 4.4  9.64 0.12 279 10.01 0
  71  5901  5750  82.1 3.7  9.68 0.12 461  9.87 0
  72  5163  5028  71.8 3.6  9.47 0.12 349  9.59 0
  73 13792 13555 193.6 6.3 10.06 0.12 357 10.87 0
  74 10207 10017 143.1 5.1 10.14 0.12 411 10.41 0
  75  3471  3390  48.4 3.1  9.32 0.12 187  9.10 0
  76  8054  7870 112.4 4.3  9.89 0.12 339  9.81 0
  77  8040  7855 112.2 4.3  9.83 0.12 359 10.30 0
  78  6292  6133  87.6 3.8  9.70 0.12 465  9.96 0
  79  5128  5009  71.6 3.5            139  8.80 1
  80  2469  2442  34.9 2.9 10.40 0.12 726  9.92 0
  82 12925 12720 181.7 6.0 10.33 0.12 445 10.89 0
  83  5086  5000  71.4 3.5  9.60 0.12 244  9.41 0
  84  4654  4534  64.8 3.4  9.63 0.12 291  9.55 0
  85  2643  2614  37.3 3.0  9.94 0.12 100  8.77 0
  86  5276  5178  74.0 3.6 10.00 0.12 310  9.96 0
  87  5661  5514  78.8 3.6  9.83 0.12 469  9.68 0
  88  4968  4866  69.5 3.5  9.67 0.12 297  9.68 0
  90  4851  4750  67.9 3.5  9.22 0.12 200  9.38 0
  91  4871  4768  68.1 3.5  9.77 0.12 355  9.54 0
  92  4904  4811  68.7 3.4            141  9.39 1
  93 13452 13202 188.6 6.2 10.14 0.12 616 10.11 0
  94  4794  4694  67.1 3.4  9.50 0.12 382  9.74 0
  95  4418  4321  61.7 3.3  9.77 0.12 419  9.74 0
  96  1562  1562  22.3 2.8 10.09 0.12 321  9.57 0
  97  9450  9258 132.3 4.8  9.80 0.12 191  9.79 0
  98  4767  4683  66.9 3.4  9.40 0.12 201  9.24 0
  99  9535  9324 133.2 4.8            440 10.13 1
 100  6712  6546  93.5 3.9  9.53 0.12 157  9.86 0
 101  5999  5847  83.5 3.7            128  9.71 1
 102  4852  4796  68.5 3.5 10.31 0.12 338 10.17 0
 103  1510  1538  22.0 2.8  9.39 0.12 366  8.53 0
 104 10475 10287 147.0 5.1  9.84 0.12 639 10.43 0
 106  9322  9147 130.7 4.7  9.75 0.12 322 10.59 1
 107  3176  3156  45.1 3.1  9.11 0.12 265  9.10 0
 108  5083  4981  71.2 3.4  8.76 0.12 290  9.36 0
 110  6393  6235  89.1 3.9            388 10.20 1
 111  5356  5248  75.0 3.6            179  9.62 1
 113  6400  6242  89.2 3.9  9.12 0.12 482  9.81 1
 114  8274  8084 115.5 4.5            333  9.66 1
 115  5126  4997  71.4 3.5 10.17 0.12 320  9.85 0
 116  3909  3868  55.3 3.3  9.05 0.12 300  8.76 0
 118  8055  7871 112.4 4.3            499 10.36 1
 119  5963  5817  83.1 3.7  9.92 0.12 569 10.11 0
 120  6690  6553  93.6 4.0  9.63 0.12 434  9.35 0
 122  6930  6778  96.8 4.0  9.96 0.12 311 10.03 0
 123  5898  5764  82.3 3.7 10.32 0.12 540 10.04 0
 124  7000  6848  97.8 4.0            407  9.59 1
 125  7086  6935  99.1 4.1  9.67 0.12 482  9.62 0
 126 11619 11414 163.1 5.6 10.32 0.12 549 10.75 0
 127  7708  7555 107.9 4.2            319 10.23 1
 128  6614  6477  92.5 3.9 10.65 0.12 100  9.73 0
 129  9299  9123 130.3 4.8  9.54 0.12 480 10.12 0
 130  6407  6277  89.7 3.9 10.11 0.12 484 10.25 0
 131  8047  7900 112.9 4.4 10.11 0.12 166 10.00 0
 132  7289  7148 102.1 4.1  9.41 0.12 187  9.45 0
 133  6988  6859  98.0 4.0  9.64 0.12 420  9.65 0
 134  5198  5109  73.0 3.6  9.68 0.12 306  9.32 0
 135  5227  5137  73.4 3.6  9.90 0.12 324  9.83 0
 136  4971  4913  70.2 3.5  9.12 0.12 172  9.31 0
 137  6376  6277  89.7 3.8  9.52 0.12 248  9.94 0
 138  3812  3764  53.8 3.2  9.94 0.12 635 10.11 0
 139   859   897  10.6 1.1  9.00 0.12 284  8.66 0
 141  1711  1985  28.4 2.8  8.42 0.12 169  8.98 0
 142  7825  7983 114.0 4.4  9.36 0.12 207  9.51 0
 143  5305  5228  74.7 3.6 10.13 0.12 469 10.07 0
 144  3816  3800  54.3 3.2 10.03 0.12 547 10.05 0
 145  3714  3681  52.6 3.2  8.92 0.12 320  9.43 0
 146  3869  3833  54.8 3.3  9.65 0.12 265  9.61 0
 147  2457  2696  38.5 3.0 10.13 0.12 484  8.87 0
 148  7395  7288 104.1 4.1  9.87 0.12 328  9.91 0
 149  4976  4916  70.2 3.5  9.37 0.12 140  9.06 0
 150  9227  9105 130.1 4.8 10.07 0.12 253 10.02 0
 151  4810  4761  68.0 3.5 10.14 0.12 473 10.12 0
 152  2515  2524  36.1 3.0  9.28 0.12 213  8.93 0
 153  4517  4744  67.8 3.5            325  9.65 1
 154  4553  4530  64.7 3.4  9.81 0.12 219 10.06 0
 155  1556  1862  26.6 2.9  9.41 0.12 102  8.87 0
 156  2828  2868  41.0 3.1  8.67 0.12 214  8.90 0
 157  8243  8184 116.9 4.4 10.04 0.12 148 10.24 0
 158 10762 10693 152.8 5.3            450 11.41 1
 159  4085  4293  61.3 3.3 10.08 0.12 504 10.30 0
 160  4228  4406  62.9 3.3  8.55 0.12 251  9.53 0
 161  7978  8099 115.7 4.4 10.36 0.12 217 10.52 0
 164  8996  9104 130.1 4.8  9.65 0.12 100  9.20 0
 165  4001  4200  60.0 3.4  9.85 0.12 354 10.07 0
 166  5106  5294  75.6 3.6 10.32 0.12 579  9.93 0
 167  1044  1379  19.7 2.9  8.74 0.12 170  8.56 0
 168  2689  2915  41.6 3.0 10.06 0.12 401  9.20 0
 169 11045 11127 159.0 5.4  9.76 0.12 320  9.74 0
 170  5171  5364  76.6 3.6  9.95 0.12 424  9.42 0
 171  3632  3857  55.1 3.2 10.06 0.12 445 10.08 0
 172  6147  6274  89.6 3.8  9.50 0.12 409  9.60 0
 173  6003  6137  87.7 3.8  9.43 0.12 383  9.55 0
 174 10868 10948 156.4 5.4            253 10.26 1
 176  4955  5171  73.9 3.6 10.10 0.12 336 10.33 0
 177  3291  3521  50.3 3.2  9.02 0.12 206  8.88 0
 178  7610  7753 110.8 4.3  9.55 0.12 100  9.18 0
 179  5813  5978  85.4 3.9            308 10.02 1
 181  4130  4357  62.2 3.4  9.57 0.12 310 10.02 0
 182 10346 10450 149.3 5.2 10.44 0.12 564 10.74 0
 183  5090  5270  75.3 3.6 10.06 0.12 390  9.97 0
 184  5907  6081  86.9 3.9            235  9.69 1
 185 10593 10698 152.8 5.3 10.29 0.12 515 10.82 0
 186  7997  8135 116.2 4.5  9.62 0.12 225 10.11 0
 187  8284  8421 120.3 4.5 10.00 0.12 188 10.26 0
 188  1734  2045  29.2 3.0  9.69 0.12 100  8.91 0
 189  3128  3370  48.1 3.1            294  9.29 1
 191  5887  6071  86.7 3.9  9.52 0.12 489  9.73 0
 192  5228  5428  77.5 3.7  9.65 0.12 141  9.68 0
 194  2059  2386  34.1 3.0  8.58 0.12 180  8.61 0
 195  6683  6864  98.1 4.0  8.91 0.12 376  9.65 1
 196  3884  4110  58.7 3.3  9.70 0.12 322  9.68 0
 198  9661  9799 140.0 5.0 10.62 0.12 366 10.30 0
 199  3895  4129  59.0 3.3  9.78 0.12 324  9.98 0
 200  6779  6965  99.5 4.1 10.16 0.12 249 10.41 0
 201  4061  4308  61.5 3.4  9.91 0.12 467 10.19 0
 202  3882  4136  59.1 3.4 10.07 0.12 411 10.36 0
 203  7998  8168 116.7 4.5            256 10.23 1
 204  9399  9549 136.4 4.9  9.99 0.12 632 10.22 0
 205  6858  7057 100.8 4.1  9.96 0.12 297  9.72 0
 206  6301  6503  92.9 4.0            269 10.03 1
 208  2119  2384  34.1 3.0  9.49 0.12 264  8.88 0
 209  4011  4265  60.9 3.4            220  9.46 1
 210  8455  8632 123.3 4.6  9.50 0.12 285  9.62 0
 211  8412  8592 122.7 4.6            403 10.47 1
 212  2140  2402  34.3 3.1  8.81 0.12 168  8.45 0
 213  5963  6178  88.3 3.9  8.95 0.12 215  9.12 0
 215  6959  7153 102.2 4.2            294 10.05 1
 216  8549  8739 124.8 4.6  9.71 0.12 395 10.16 0
 217  3504  3773  53.9 3.2  9.34 0.12 123  9.45 0
 218  5289  5516  78.8 3.6  9.43 0.12 184  9.04 0
 219 14340 14475 206.8 6.6            470 10.98 1
 220 13517 13662 195.2 6.4            544 10.95 1
 221  9045  9237 132.0 4.8  9.75 0.12 236 10.32 0
 222  5506  5745  82.1 3.8  9.64 0.12 220  9.43 0
 223 14109 14250 203.6 6.6            395 10.67 1
 224   509   769  10.1 1.0  8.71 0.12 100  7.86 0
 225 11143 11306 161.5 5.6 10.06 0.12 274 10.73 0
 226  9136  9330 133.3 4.8            406 10.29 1
 227  9354  9550 136.4 4.9 10.43 0.12 576  9.98 0
 228  8651  8832 126.2 4.7            271 10.21 1
 229  9490  9696 138.5 5.0            254 10.78 1
 230  6036  6257  89.4 3.9  9.43 0.12 178  9.17 0
 231  6877  7094 101.3 4.2  9.89 0.12 369  9.60 0
 232  5252  5504  78.6 3.7 10.35 0.12 377 10.09 0
 233 11225 11406 162.9 5.6            320 10.46 1
 234  8533  8753 125.0 4.6  9.84 0.12 595  9.97 0
 236  8818  9046 129.2 4.7  9.99 0.12 426 10.10 0
 237  5459  5701  81.4 3.7 10.48 0.12 517 10.94 0
 238  8299  8506 121.5 4.6 10.37 0.12 321 10.30 0
 240  4684  4938  70.5 3.5  9.63 0.12 566  9.43 0
 241  5675  5944  84.9 3.8  9.36 0.12 235  9.39 0
 242  4594  4874  69.6 3.6  9.50 0.12 205  9.07 0
 243  4487  4769  68.1 3.5  8.54 0.12 183  9.04 0
 244  5907  6168  88.1 3.9            386 10.00 1
 245  4195  4483  64.0 3.5            100  9.29 1
 246  7444  7654 109.3 4.3 10.10 0.12 436  9.96 0
 247  1974  2248  32.1 3.2  9.21 0.12 139  8.83 0
 248 11170 11385 162.6 5.6  9.81 0.12 195 10.21 0
 249  6590  6851  97.9 4.0  9.50 0.12 214  9.72 0
 250  2123  2456  35.1 3.1  9.79 0.12 244  9.47 0
 251 11058 11223 160.3 5.5 10.40 0.12 394 10.66 0
 252  9534  9776 139.7 5.1 10.17 0.12 467 10.06 0
 253  9420  9677 138.2 4.9 10.25 0.12 400 10.37 0
 256  6783  7000 100.0 4.0            328 10.33 1
 257 12959 13160 188.0 6.2            419 10.54 1
 258  6041  6316  90.2 4.0  9.46 0.12 244  9.67 0
 260  5497  5784  82.6 3.7  9.99 0.12 228  9.63 0
 261  9073  9341 133.4 4.9  9.43 0.12 205  9.66 0
 264  7715  7972 113.9 4.4  9.60 0.12 318 10.17 1
 266  6645  6870  98.1 4.1  9.89 0.12 342  9.51 0
 267  4235  4508  64.4 3.4  9.70 0.12 174  8.82 0
 268  4717  5024  71.8 3.6  9.67 0.12 273  9.79 0
 269 13974 14195 202.8 6.5            584 10.89 1
 270  8928  9196 131.4 4.8            503 10.54 1
 271  7911  8128 116.1 4.4 10.08 0.12 424 10.66 0
 273 14266 14497 207.1 6.6            123 10.11 1
 274  7503  7778 111.1 4.3            165  9.85 1
 275 11972 12171 173.9 5.8            655 11.09 1
 276  1940  2193  31.3 3.2  9.16 0.12 159  8.84 0
 277  4526  4840  69.1 3.5  9.59 0.12 292  9.52 0
 278  7729  7991 114.2 4.4  9.83 0.12 539  9.63 0
 279  1945  2196  31.4 3.2  9.22 0.12 291  9.03 0
 280  5184  5491  78.4 3.7  9.84 0.12 152  9.20 0
 281  4233  4547  65.0 3.4  9.64 0.12 169  9.38 0
 282  8696  8979 128.3 4.8            234 10.12 1
 283  4101  4422  63.2 3.4  9.75 0.12 385  9.54 0
 284 13061 13311 190.2 6.3            285 10.46 1
 286  8808  9105 130.1 4.8  9.93 0.12 255  9.81 0
 287  8297  8575 122.5 4.6  9.72 0.12 409  9.79 0
 288 10476 10763 153.8 5.4  9.93 0.12 217  9.95 0
 289 12291 12569 179.6 6.0            353 11.42 1
 290  1756  2123  30.3 3.0  9.16 0.12 182  9.21 0
 291  2524  2795  39.9 3.2  9.59 0.12 153  9.29 0
 292  1820  2189  31.3 3.0  9.89 0.12 331  9.75 0
 293  1792  2131  30.4 3.1  9.45 0.12 233  8.86 0
 294  8432  8759 125.1 4.7  9.88 0.12 409  9.79 0
 295  5790  6144  87.8 3.8  9.91 0.12 398 10.13 0
 296  4310  4651  66.4 3.5  9.67 0.12 426  9.85 0
 298  7068  7370 105.3 4.2  9.76 0.12 310  9.55 0
 299  2052  2417  34.5 3.1  9.50 0.12 241  9.44 0
 301  9055  9391 134.2 4.8            342 11.16 1
 302  8728  9041 129.2 4.8            445 10.41 1
 304 14712 14982 214.0 6.9 10.43 0.12 517 11.21 0
 305  5779  6143  87.8 3.9            100  9.42 1
 306  5005  5367  76.7 3.7  8.97 0.12 252  9.90 0
 307 11802 12114 173.1 5.8            196 10.40 1
 310  7805  8156 116.5 4.5            489 10.69 1
 311  8535  8873 126.8 4.7            335 10.21 1
 312  8628  8956 127.9 4.7 10.29 0.12 632 10.23 0
 314  2625  2991  42.7 3.1 10.17 0.12 558 10.05 0
 315  5088  5456  77.9 3.7            259  9.78 1
 316  7147  7452 106.5 4.2            354 10.19 1
 317  2116  2422  34.6 3.1  9.47 0.12 221  9.13 0
 319  4973  5341  76.3 3.7  9.94 0.12 539  9.77 0
 321  8183  8545 122.1 4.6            125 10.01 1
 322  1872  2261  32.3 3.0  8.21 0.12 100  7.92 0
 323  8015  8348 119.3 4.5  9.85 0.12 548  9.78 0
 325  7755  8011 114.4 4.4  9.91 0.12 136  9.60 0
 326  1473  1868  26.7 3.0  8.36 0.12 144  7.99 0
 327  7498  7782 111.2 4.3            419 10.24 1
 328  6519  6867  98.1 4.0  9.63 0.12 320  9.52 0
 329  4099  4473  63.9 3.5 10.00 0.12 582  9.27 0
 330  4292  4642  66.3 3.5  9.07 0.12 187  8.98 0
 331 11239 11455 163.6 5.6 10.26 0.12 440 10.63 0
 332  4307  4657  66.5 3.5  9.37 0.12 285  9.31 0
 333  8314  8613 123.0 4.6  9.78 0.12 204  9.51 0
 334  5095  5485  78.4 3.7  9.38 0.12 289  9.81 0
 335  3214  3568  51.0 3.2  9.85 0.12 450 10.17 0
 336  8076  8405 120.1 4.5  9.97 0.12 374  9.79 0
 338  3499  3854  55.1 3.4  9.35 0.12 276  9.24 0
 339  7550  7828 111.8 4.3 10.35 0.12 178 10.12 0
 340  4326  4710  67.3 3.5 10.09 0.12 517  9.61 0
 342  4363  4748  67.8 3.5  9.32 0.12 187  9.24 0
 343  5344  5739  82.0 3.8 10.05 0.12 252  9.96 0
 344  5034  5376  76.8 3.6  9.86 0.12 271  9.53 0
 345  7044  7441 106.3 4.3  9.73 0.12 391  9.72 0
 346  5939  6177  88.2 3.8  9.13 0.12 227  9.43 0
 348 11209 11563 165.2 5.5            401 10.63 1
 349 11762 11981 171.2 5.6            100 10.03 1
 350  7628  8025 114.6 4.4            487 10.35 1
 351  5976  6369  91.0 3.9  9.68 0.12 280  9.50 0
 352  1705  2089  29.8 3.1  8.08 0.12 169  8.32 0
 353  5481  5885  84.1 3.8  9.45 0.12 218  9.57 0
 354  3827  4195  59.9 3.5  9.10 0.12 153  9.48 0
 355  4371  4745  67.8 3.5  9.82 0.12 371  9.58 0
 356  4303  4671  66.7 3.4  9.19 0.12 197  9.72 1
 357  5991  6222  88.9 3.8  9.56 0.12 212  9.54 0
 358  3821  4214  60.2 3.5  8.09 0.12 398  8.71 1
 359  4932  5339  76.3 3.7  9.50 0.12 321  9.89 0
 361  7007  7356 105.1 4.2 10.48 0.12 596 10.56 0
 362  9407  9650 137.9 5.0 10.37 0.12 520 10.31 0
 363  3050  3381  48.3 3.2  9.30 0.12 405  9.66 0
 364  6615  7030 100.4 4.2            340 10.91 1
 366  6596  6948  99.3 4.0  9.66 0.12 350  9.70 0
 367  7627  7918 113.1 4.4 10.10 0.12 268 10.31 0
 368  9959 10234 146.2 5.2  9.91 0.12 297 10.55 0
 370 10206 10555 150.8 5.2            341 10.60 1
 371  1410  1610  23.0 3.5  9.06 0.12 187  9.08 0
 372 13899 14219 203.1 6.4  9.75 0.12 553 11.00 0
 373 10465 10738 153.4 5.3            263 10.16 1
 374  7417  7696 109.9 4.4  9.71 0.12 492 10.16 0
 375 14057 14311 204.4 6.7            450 10.80 1
 376  3365  3714  53.1 3.3  9.79 0.12 119  9.66 0
 377  1485  1876  26.8 3.1  9.27 0.12 290  8.61 0
 378 10385 10768 153.8 5.4            395 10.30 1
 379  5922  6338  90.5 3.9  9.53 0.12 247  9.68 0
 380  5864  6261  89.4 3.9            100  9.60 1
 381  8973  9376 133.9 4.8            258 10.04 1
 382  2448  2801  40.0 3.0  9.63 0.12 224  9.73 0
 383  1488  1792  25.6 3.3  9.32 0.12 216  8.34 0
 384 12999 13250 189.3 6.2            544 10.78 1
 385  2995  3372  48.2 3.1  9.45 0.12 445 10.00 0
 386  7485  7802 111.5 4.3  9.56 0.12 317  9.44 0
 387  9088  9498 135.7 4.9            259 10.27 1
 390  9103  9306 132.9 4.8 10.01 0.12 400  9.84 0
 391  4929  5356  76.5 3.7  9.66 0.12 265  9.59 0
 392  7413  7748 110.7 4.3            276 10.15 1
 393  3011  3392  48.5 3.2  8.50 0.12 100  8.42 0
 394 10286 10677 152.5 5.2            395 10.67 1
 395 14252 14552 207.9 6.7            598 10.80 1
 396  3065  3444  49.2 3.2            100  9.00 1
 397  2808  3196  45.7 3.3  8.94 0.12 221  7.98 0
 399  6128  6526  93.2 3.9  9.41 0.12 304  9.78 0
 400  5165  5579  79.7 3.7 10.20 0.12 720  9.95 0
 401  6436  6896  98.5 4.1  9.88 0.12 421 10.39 0
 402  3627  3988  57.0 3.3  8.57 0.12 251  9.09 0
 403 11685 12026 171.8 5.8            304 10.40 1
 405  6234  6700  95.7 4.0  9.81 0.12 209  9.79 0
 406  8355  8793 125.6 4.7            291 10.56 1
 407  1162  1569  22.4 3.5  8.94 0.12 168  8.73 0
 409  6378  6811  97.3 4.1  9.40 0.12 236  9.62 0
 410  6499  6977  99.7 4.2  9.80 0.12 345  9.82 0
 411  8843  9238 132.0 4.8            408 10.52 1
 412 12789 13097 187.1 6.1            144 10.10 1
 413  6595  7076 101.1 4.2            280 10.07 1
 415 11728 12159 173.7 5.8            377 10.36 1
 416  2358  2737  39.1 3.2  9.37 0.12 300  9.58 0
 417  9586  9862 140.9 5.0  9.79 0.12 361  9.93 0
 418  6505  6927  99.0 4.1  9.28 0.12 300  9.79 0
 420  7024  7344 104.9 4.2            433 10.26 1
 421  6650  6927  99.0 4.1 10.26 0.12 209  9.50 0
 423  6264  6713  95.9 4.1 10.56 0.12 675 10.53 0
 424  7802  8249 117.8 4.5  9.59 0.12 173  9.63 0
 425  9207  9493 135.6 4.9            192 10.41 1
 427  7075  7390 105.6 4.3  9.41 0.12 158  9.36 0
 429  8958  9424 134.6 4.8  9.41 0.12 320  9.94 0
 430 12587 13007 185.8 6.1  9.69 0.12 361 10.81 1
 431 10895 11349 162.1 5.6            339 10.27 1
 432 13282 13642 194.9 6.3 10.57 0.12 535 10.76 0
 433  3655  3964  56.6 3.3  9.36 0.12 298  9.02 0
 438  5882  6354  90.8 3.9  9.38 0.12 236 10.23 1
 439  6480  6964  99.5 4.1  9.91 0.12 193  9.84 0
 441  5786  6272  89.6 3.9  9.43 0.12 451 10.22 0
 443  5837  6341  90.6 4.0            464 10.09 1
 444  4469  4941  70.6 3.7  9.83 0.12 106  9.73 0
 445  8870  9335 133.4 4.8  9.79 0.12 310 10.26 0
 446  8316  8637 123.4 4.6  9.84 0.12 374  9.77 0
 450 10621 11109 158.7 5.4 10.03 0.12 385 10.14 0
 452  6841  7128 101.8 4.1  9.53 0.12 213  9.59 0
 453  6054  6535  93.4 4.0  9.76 0.12 459  9.83 0
 454  9881 10152 145.0 5.1 10.08 0.12 150  9.74 0
 456 10473 10894 155.6 5.3            291 10.30 1
 457  6455  6894  98.5 4.1 10.02 0.12 385  9.82 0
 458 13894 14353 205.0 6.5            145 10.20 1
 460  6188  6699  95.7 4.1  9.50 0.12 326 10.02 0
 461   801   597   7.2 0.7  9.56 0.12 318  8.50 0
 462  9376  9850 140.7 5.0            288 10.66 1
 463  2208  2667  38.1 3.1  9.76 0.12 277  8.82 0
 466  2639  3098  44.3 3.2  9.54 0.12 100  8.78 0
 467  6387  6844  97.8 4.0  9.21 0.12 196  9.93 1
 468  9768 10094 144.2 5.1  9.29 0.12 344 10.26 1
 471  9054  9584 136.9 4.9            451 10.31 1
 473  5904  6436  91.9 4.0  9.64 0.12 254  9.62 0
 474  5885  6415  91.6 3.9  9.90 0.12 287 10.10 0
 477  1500  2006  28.7 2.7  9.51 0.12 295  9.09 0
 480  5503  6029  86.1 3.8            354  9.96 1
 481  1515  1958  28.0 3.0  8.63 0.12 235  9.00 0
 482  9487 10017 143.1 5.1  9.84 0.12 236 10.00 0
 483  6628  7189 102.7 4.1  9.70 0.12 273  9.83 0
 484  1924  2328  33.3 3.0  8.93 0.12 306  9.30 0
 485  5420  5970  85.3 3.9            251  9.83 1
 487  5230  5781  82.6 3.9  9.69 0.12 353  9.85 0
 489  5962  6531  93.3 3.9  9.53 0.12 352 10.07 0
 490  5700  6258  89.4 4.0            281 10.20 1
 491  6247  6823  97.5 4.2  9.98 0.12 385 10.38 0
 492  5432  5995  85.6 3.9 10.04 0.12 482 10.04 0
 494  6817  7323 104.6 4.2  9.87 0.12 218  9.98 0
 495  5549  6115  87.4 3.9            244  9.83 1
 496  1709  2111  30.2 2.9  9.17 0.12 208  9.35 0
 497  7539  8106 115.8 4.5  9.92 0.12 276  9.70 0
 498  2716  3126  44.7 3.2  7.93 0.12 194  9.07 1
 499  8541  9104 130.1 4.7 10.24 0.12 536 10.22 0
 500  5970  6544  93.5 4.0  9.52 0.12 531  9.50 0
 501  7006  7504 107.2 4.2  9.81 0.12 301  9.58 0
 502  1730  2045  29.2 2.7  9.79 0.12 145  9.37 0
 503  1110  1590  22.7 3.9  7.72 0.12 109  7.75 0
 504  5919  6474  92.5 4.0            253  9.99 1
 505  3889  4339  62.0 3.8  9.71 0.12 245  9.34 0
 506   961  1027  14.7 0.7  7.75 0.12 100  7.50 0
 507  4941  5476  78.2 3.7  9.79 0.12 396  9.99 0
 508  6119  6703  95.8 4.1  9.93 0.12 291  9.95 0
 509  2390  2668  38.1 3.2  9.24 0.12 314  9.24 0
 510  6055  6638  94.8 4.0  9.56 0.12 144  9.72 0
 511  1303  1781  25.4 3.3  8.34 0.12 120  8.38 0
 512  1896  2234  31.9 2.7  9.62 0.12 112  8.65 0
 514  6086  6686  95.5 4.1            138  9.86 1
 515  6836  7388 105.5 4.2  9.83 0.12 384 10.24 0
 516  6454  7011 100.2 4.2  9.91 0.12 458  9.88 0
 517  9633 10143 144.9 5.1            362 10.47 1
 519 11151 11714 167.3 5.7            240 11.21 1
 520  7864  8252 117.9 4.5            292 10.65 1
 521  6047  6646  94.9 4.1            351 10.18 1
 522  6102  6486  92.7 4.0            116  9.77 1
 525  6901  7388 105.5 4.2 10.18 0.12 413 10.91 0
 527  2018  2279  32.6 2.8  9.58 0.12 421  9.66 0
 529 10245 10774 153.9 5.3            336 10.39 1
 532  7123  7627 109.0 4.3  9.83 0.12 283  9.91 0
 537  8673  9215 131.6 4.9            265 10.14 1
 538  6947  7259 103.7 4.2  9.78 0.12 316  9.64 0
 539  5351  5796  82.8 3.7 10.12 0.12 387 10.59 0
 540  2568  2848  40.7 3.3  9.18 0.12 241  9.36 0
 541  7063  7629 109.0 4.3 10.28 0.12 174 10.09 0
 542 12003 12584 179.8 6.0            405 10.47 1
 544  8146  8679 124.0 4.6  9.63 0.12 386 10.04 0
 545  4648  5124  73.2 3.7 10.31 0.12 550  9.90 0
 546 11778 12105 172.9 5.8            464 10.81 1
 548  6542  7119 101.7 4.2  9.61 0.12 297  9.63 0
 549   805  1025  22.3 2.2  9.88 0.12 348  9.68 0
 550  6985  7500 107.1 4.3  9.91 0.12 405 10.57 0
 551  2302  2754  39.3 3.0  9.74 0.12 274  8.90 0
 553  7109  7643 109.2 4.3 10.13 0.12 277 10.04 0
 554 12896 13233 189.0 6.2            405 10.99 1
 555  1083  1647  23.5 6.9  8.02 0.12 100  7.85 0
 556  1145  1328  19.0 8.5            100  8.25 1
 561  4535  5074  72.5 3.6 10.03 0.12 398  9.99 0
 562  1860  2232  31.9 2.9  8.52 0.12 234  8.48 0
 564  1665  2097  30.0 3.0  9.25 0.12 157  9.15 0
 565 12255 12849 183.6 6.1            281 10.41 1
 566  2942  3406  48.7 3.6  9.30 0.12 265  9.53 0
 567 10450 11025 157.5 5.4  9.80 0.12 160 10.09 0
 568 10505 11094 158.5 5.5 10.20 0.12 268 10.02 0
 569  1359  1703  24.3 3.3  9.71 0.12 102  9.20 0
 570  5566  6189  88.4 4.0            228  9.80 1
 572  8200  8572 122.5 4.5            333 10.61 1
 573  7775  8398 120.0 4.5 10.00 0.12 414 10.25 0
 575  2612  3128  44.7 3.3  9.68 0.12 264  9.44 0
 576  6793  7396 105.7 4.2 10.14 0.12 579 10.17 0
 578  9191  9767 139.5 5.0            100  9.90 1
 579  7008  7594 108.5 4.3  9.82 0.12 277  9.55 0
 580  6643  7251 103.6 4.2            353 10.06 1
 581  6641  7208 103.0 4.2 10.36 0.12 586 10.14 0
 582  9997 10592 151.3 5.2 10.68 0.12 216 10.72 0
 583  9156  9586 136.9 5.0            216 10.43 1
 585  7093  7720 110.3 4.3            287 10.13 1
 586  7227  7851 112.2 4.4            302 10.09 1
 587  7621  8071 115.3 4.4            340 10.34 1
 591  6514  7120 101.7 4.2            430 10.25 1
 592  6718  7354 105.1 4.2            252  9.87 1
 593  4919  5512  78.7 3.8  9.68 0.12 457  9.84 0
 595  9406  9769 139.6 5.0            462 10.29 1
 596  9258  9621 137.4 4.9            122 10.24 1
 598  6938  7534 107.6 4.3 10.09 0.12 491 10.08 0
 599 10248 10752 153.6 5.4            306 10.33 1
 600  7228  7841 112.0 4.3  9.54 0.12 229  9.97 0
 601  7028  7669 109.6 4.4 10.26 0.12 411  9.89 0
 603  8398  8975 128.2 4.7  9.95 0.12 245  9.83 0
 604  1793  2319  33.1 3.1  9.46 0.12 460  9.94 0
 605  2385  2914  41.6 3.3  9.71 0.12 302  9.11 0
 607  9511 10075 143.9 5.1            177 10.09 1
 609  1900  2427  34.7 3.1  8.06 0.12 260  8.65 0
 611  7599  8232 117.6 4.5 10.13 0.12 342 10.09 0
 612  8233  8789 125.6 4.7 10.15 0.12 285  9.93 0
 613 10601 11121 158.9 5.5 10.47 0.12 674 10.72 0
 615  1540  1832  26.2 3.1  9.99 0.12 354  9.90 0
 616  6132  6668  95.3 4.1 10.12 0.12 437  9.65 0
 617  9204  9754 139.3 4.9            392 10.83 1
 618 11513 12091 172.7 5.7            390 10.80 1
 620  6621  7157 102.2 4.1            348 10.37 1
 622  4267  4832  69.0 3.6 10.04 0.12 363  9.89 0
 623  5387  5988  85.5 3.9            219  9.77 1
 625  4654  5244  74.9 3.7 10.32 0.12 577  9.85 0
 626  1638  1934  27.6 3.0  9.83 0.12 244  9.43 0
 628 10787 11346 162.1 5.5 10.13 0.12 273 10.30 0
 630  3870  4377  62.5 3.4  9.81 0.12 347  9.98 0
 631  2334  2857  40.8 3.1  9.60 0.12 306  9.79 0
 633  4269  4842  69.2 3.6  8.92 0.12 106  8.68 0
 634  1922  2416  34.5 3.0  9.73 0.12 445  9.77 0
 635  5236  5846  83.5 3.8  9.74 0.12 363  9.90 0
 636 11238 11608 165.8 5.6            307 10.68 1
 638  1752  2079  29.7 3.2  9.88 0.12 458  9.08 0
 639  8659  9272 132.5 4.8            327 10.64 1
 640  8790  9206 131.5 4.8            150  9.76 1
 641  6699  7091 101.3 4.1  9.04 0.12 216  9.54 0
 643 12528 13082 186.9 6.1 10.21 0.12 602 10.59 0
 644  8117  8602 122.9 4.6            434 10.30 1
 645  4027  4522  64.6 3.5 10.02 0.12 302 10.07 0
 646  6625  7013 100.2 4.1            328 10.18 1
 647 15481 15777 225.4 7.2            449 11.02 1
 648 10517 11116 158.8 5.4            241 10.16 1
 649  5421  5943  84.9 3.8  9.12 0.12 321  9.69 0
 650 10624 11222 160.3 5.4            362 10.48 1
 651  2292  2768  39.5 3.1  9.50 0.12 214  9.17 0
 652  1962  2240  32.0 3.2  9.53 0.12 217  9.41 0
 653  4895  5425  77.5 3.7  9.95 0.12 503 10.00 0
 654  8856  9160 130.9 4.8 10.04 0.12 416 10.08 0
 655  5584  6092  87.0 3.8  9.84 0.12 447  9.86 0
 658 10683 11282 161.2 5.5            444 10.48 1
 659  8854  9239 132.0 4.8            406 10.65 1
 660  2139  2535  36.2 3.0  9.38 0.12 118  8.52 0
 661  3337  3760  53.7 3.3  9.60 0.12 182  8.81 0
 666  3381  3796  54.2 3.3  9.28 0.12 301  9.25 0
 667  8679  9130 130.4 4.8            486 10.72 1
 668  5173  5676  81.1 3.8 10.06 0.12 484 10.26 0
 669  2009  2306  32.9 3.3  8.92 0.12 343  8.72 0
 670 12477 12761 182.3 6.1            532 10.91 1
 671  8833  9321 133.2 4.8  9.68 0.12 354 10.29 0
 672  6875  7457 106.5 4.3 10.09 0.12 536 10.13 0
 674  8706  9261 132.3 4.8  9.95 0.12 310  9.79 0
 675  9984 10522 150.3 5.3  9.49 0.12 148  9.76 0
 676  5838  6289  89.8 3.9 10.03 0.12 498  9.92 0
 677  8198  8807 125.8 4.6            352 11.13 1
 678  4142  4711  67.3 3.6            235  9.96 1
 679  5861  6457  92.2 4.0  9.33 0.12 152  9.32 0
 680  9967 10549 150.7 5.2  9.73 0.12 497 10.17 0
 683 11365 11952 170.7 5.8 10.11 0.12 480 10.91 0
 684  5380  5689  81.3 3.7            315  9.76 1
 687  6967  7576 108.2 4.3  9.56 0.12 227  9.58 0
 688  9682 10270 146.7 5.1  9.78 0.12 214 10.01 0
 689  4335  4906  70.1 3.7  9.24 0.12 304  9.30 0
 690  7865  8311 118.7 4.5  9.74 0.12 331  9.85 0
 692  7407  7703 110.0 4.4  9.84 0.12 557  9.91 0
 693  9997 10449 149.3 5.2  9.87 0.12 174 10.31 0
 694 10588 11170 159.6 5.5 10.32 0.12 664 10.16 0
 695 10567 11137 159.1 5.5 10.18 0.12 451 10.36 0
 696 10054 10640 152.0 5.4            527 10.52 1
 697  3567  4075  58.2 3.6  8.90 0.12 265  8.86 0
 698  3690  4239  60.6 3.5            239  9.31 1
 700  3840  4366  62.4 3.6  9.79 0.12 168  9.42 0
 702  4490  5027  71.8 3.6  9.06 0.12 107  8.93 0
 703  6233  6796  97.1 4.1            279  9.76 1
 705 11947 12403 177.2 5.9            173 10.37 1
 706  8354  8948 127.8 4.7 10.49 0.12 721 10.48 0
 708  9887 10142 144.9 5.1            359 10.83 1
 709 14469 15024 214.6 6.9            589 10.91 1
 711   923  1380  19.7 3.2  8.56 0.12 123  8.21 0
 712  1859  2300  32.9 3.2  9.81 0.12 267  9.15 0
 714  5760  6214  88.8 3.9  9.26 0.12 319  9.65 0
 716  9841 10340 147.7 5.2 10.66 0.12 393 10.50 0
 718 10313 10601 151.4 5.2            105 10.38 1
 719  9445  9925 141.8 5.0  9.93 0.12 451 10.37 0
 720  7286  7879 112.6 4.4 10.60 0.12 378 10.98 0
 721 11317 11755 167.9 5.7  9.55 0.12 248 10.10 0
 722 10238 10787 154.1 5.3            526 10.49 1
 723  9066  9539 136.3 4.9 10.32 0.12 499 10.61 0
 724  9033  9502 135.7 4.9 10.37 0.12 662 10.36 0
 725 12928 13287 189.8 6.2 10.13 0.12 221 10.64 0
 726 10466 11005 157.2 5.3 10.37 0.12 495  9.97 0
 727  8914  9216 131.7 4.8            417 10.48 1
 728  2094  2447  35.0 3.4  9.29 0.12 169  8.71 0
 729  7362  7939 113.4 4.4  9.75 0.12 297  9.90 0
 731  9817 10359 148.0 5.2            358 10.71 1
 732  5615  6042  86.3 3.8            231  9.92 1
 733  4512  5053  72.2 3.6            334  9.87 1
 734  3986  4397  62.8 3.5            356  9.83 1
 735  9474  9919 141.7 4.9            406 10.76 1
 736  1573  1872  26.7 3.3  9.78 0.12 464  9.68 0
 737  5367  5938  84.8 3.9  9.61 0.12 281  9.86 0
 739  8632  9161 130.9 4.8  9.92 0.12 394 10.25 0
 740  9246  9611 137.3 4.9  9.61 0.12 100  9.60 0
 741 10871 11375 162.5 5.5 10.63 0.12 364 10.54 0
 742  7880  8442 120.6 4.6            357 10.21 1
 743  7295  7813 111.6 4.4 10.18 0.12 269  9.66 0
 744  2598  3088  44.1 3.2  9.79 0.12 105  9.16 0
 745  7593  7908 113.0 4.4  9.57 0.12 377 10.53 1
 746  8407  8957 128.0 4.7            277 10.49 1
 749 11317 11748 167.8 5.6            361 10.50 1
 750  4020  4420  63.1 3.5  9.88 0.12 127  9.86 0
 751 10185 10625 151.8 5.3  9.53 0.12 446 10.57 0
 752 10272 10765 153.8 5.2            421 10.46 1
 754  4604  5138  73.4 3.6  9.41 0.12 200  9.16 0
 755  7049  7609 108.7 4.3            405 10.09 1
 756  8736  9031 129.0 4.8 10.20 0.12 553 10.22 0
 757  9339  9835 140.5 5.0 10.18 0.12 458 10.54 0
 759 10349 10876 155.4 5.3            308 10.81 1
 761  6744  7249 103.6 4.2 10.20 0.12 488  9.79 0
 762  6996  7512 107.3 4.2            302 10.22 1
 763 10305 10831 154.7 5.3            609 10.65 1
 765  6942  7494 107.1 4.3 10.01 0.12 515 10.34 0
 767  9568 10050 143.6 5.1 10.15 0.12 213  9.99 0
 768  6896  7412 105.9 4.3            216 10.03 1
 769  4268  4788  68.4 3.6  9.89 0.12 418  9.53 0
 770 12371 12587 179.8 6.0            303 10.92 1
 771 10747 11218 160.3 5.4            324 10.23 1
 772  5253  5643  80.6 3.7 10.08 0.12 509 10.34 0
 773  8852  9222 131.7 4.8 10.35 0.12 572 10.74 0
 774  8778  9301 132.9 4.8  9.76 0.12 406 10.10 0
 776 10106 10611 151.6 5.3            443 10.40 1
 777  5633  5979  85.4 3.9  9.74 0.12 252  9.77 0
 778  7234  7639 109.1 4.3 10.24 0.12 473 10.48 0
 779 10568 10910 155.9 5.4            434 10.50 1
 780 13624 14064 200.9 6.6            560 10.90 1
 782  7348  7879 112.6 4.4            329 10.15 1
 784  6514  7031 100.4 4.1  9.88 0.12 148  9.88 0
 785  9640 10125 144.6 5.1 10.32 0.12 588 10.48 0
 786  6275  6791  97.0 4.0  9.48 0.12 323  9.53 0
 788  6852  7372 105.3 4.2            463 10.49 1
 791  2568  3013  43.0 3.3  9.34 0.12 313  9.39 0
 792  9188  9654 137.9 5.0            303 10.39 1
 793  4215  4713  67.3 3.5  9.10 0.12 293  9.17 0
 794  9034  9377 134.0 4.9 10.16 0.12 100 10.04 0
 795  8873  9191 131.3 4.8            418 10.66 1
 796  9375  9713 138.8 5.0            443 10.65 1
 797  6152  6636  94.8 4.0  9.46 0.12 412  9.55 0
 799  1562  1971  28.2 3.2  8.99 0.12 142  8.43 0
 800  6147  6636  94.8 4.0  9.89 0.12 494 10.08 0
 805  4736  5210  74.4 3.6 10.07 0.12 369  9.82 0
 806  6511  6982  99.7 4.1  9.35 0.12 428  9.43 0
 807  8228  8525 121.8 4.5            320 10.26 1
 808  1688  2072  29.6 3.3  9.60 0.12 196  8.79 0
 809 12161 12566 179.5 5.9 10.22 0.12 611  9.84 0
 810  4549  5004  71.5 3.6  9.83 0.12 440  9.95 0
 811  7871  8153 116.5 4.4  9.39 0.12 272  9.45 0
 812  3115  3583  51.2 3.4 10.36 0.12 359  9.02 0
 815  7133  7585 108.4 4.3            286 10.06 1
 816  6360  6838  97.7 4.1  8.79 0.12 426 10.19 1
 817  6618  7084 101.2 4.1  9.64 0.12 202 10.32 0
 818  7093  7536 107.7 4.2  9.62 0.12 188  9.45 0
 819  7171  7619 108.8 4.3  9.97 0.12 352  9.91 0
 820  6856  7327 104.7 4.2            369 10.22 1
 821 10149 10496 149.9 5.2  9.88 0.12 266 10.36 0
 823  6572  7025 100.4 4.1            136  9.79 1
 824  5355  5766  82.4 3.8  8.83 0.12 328  9.38 0
 826  9226  9606 137.2 5.0            234 10.23 1
 828  4657  5106  72.9 3.6 10.11 0.12 548 10.06 0
 829 11514 11769 168.1 5.7            194 10.59 1
 830 10904 11325 161.8 5.5 10.40 0.12 621 10.62 0
 831  6427  6883  98.3 4.1  9.34 0.12 381  9.69 0
 833  1857  2220  31.7 3.0            125  8.58 1
 834  8690  9065 129.5 4.7  9.77 0.12 354 10.04 0
 835  3833  4291  61.3 3.5            276  9.49 1
 838  6120  6558  93.7 4.0 10.27 0.12 565 10.74 0
 839  9458  9773 139.6 5.0            328 10.49 1
 840  4753  5177  74.0 3.5  9.81 0.12 396  9.74 0
 843  9350  9629 137.6 4.9  9.60 0.12 434 10.14 0
 844  7220  7601 108.6 4.3  9.89 0.12 315 10.01 0
 845  5299  5651  80.7 3.8            149  9.46 1
 846  7233  7604 108.6 4.2  9.68 0.12 384 10.25 0
 847  2837  3260  46.6 3.2  9.69 0.12 281  9.80 0
 848  6097  6395  91.4 3.9  9.84 0.12 221  9.47 0
 849  8127  8398 120.0 4.5  9.56 0.12 280  9.92 0
 852  7933  8214 117.3 4.5 10.03 0.12 396  9.99 0
 853  2338  2749  39.3 3.1  9.17 0.12 164  8.82 0
 854  4856  5203  74.3 3.6 10.18 0.12 209 10.12 0
 856  9934 10202 145.7 5.1  9.31 0.12 251 10.37 1
 858  5492  5832  83.3 3.8  9.86 0.12 415  9.90 0
 859  7703  7936 113.4 4.4 10.13 0.12 334  9.74 0
 860  8294  8561 122.3 4.5            292 10.20 1
 861  6686  6985  99.8 4.0  9.53 0.12 375  9.83 0
 862  4671  5005  71.5 3.6  9.51 0.12 207  9.88 0
 864 11404 11597 165.7 5.6            444 10.74 1
 865  7666  7916 113.1 4.5            282 10.31 1
 866  8062  8320 118.9 4.5  9.89 0.12 424  9.90 0
 867 11032 11243 160.6 5.5 10.45 0.12 629 10.55 0
 868  8138  8382 119.7 4.5            543 10.48 1
 870  6288  6504  92.9 4.0  9.26 0.12 253  9.38 0
 871 13362 13538 193.4 6.3            486 10.95 1
 872  6598  6836  97.7 4.1  9.58 0.12 368  9.59 0
 875  4851  5086  72.7 3.5  9.34 0.12 260  9.34 0
 876  6207  6427  91.8 4.0  9.41 0.12 282  8.80 0
 877  8737  8916 127.4 4.8  9.48 0.12 216 10.34 0
 879  3980  4215  60.2 3.4  9.66 0.12 354  9.89 0
 880  6173  6376  91.1 3.9  9.93 0.12 446  9.93 0
 881  9652  9802 140.0 5.0  9.85 0.12 159  9.75 0
 882  6414  6603  94.3 4.0 10.08 0.12 459 10.43 0
 883  9793  9934 141.9 5.1 10.33 0.12 616 10.94 0
 884  8054  8213 117.3 4.4 10.40 0.12 514 10.44 0
 886  4067  4278  61.1 3.4            405  9.86 1
 887  8121  8271 118.2 4.6 10.08 0.12 452 10.06 0
 888  8384  8516 121.7 4.5 10.01 0.12 384 10.35 0
 889  4694  4886  69.8 3.5  8.85 0.12 358  9.29 0
 890  4798  5025  71.8 3.6 10.24 0.12 574 10.20 0
 891  9202  9330 133.3 4.9  9.53 0.12 227  9.81 0
 892  9075  9201 131.4 4.8 10.13 0.12 347 10.13 0
 893 16005 16065 229.5 7.3            337 10.59 1
 894  5095  5267  75.2 3.5            256  9.91 1
 895  4845  5013  71.6 3.6  9.30 0.12 193  8.95 0
 896 10279 10374 148.2 5.2            303 10.55 1
 897  4968  5122  73.2 3.6  9.48 0.12 427  9.68 0
 900 13820 13851 197.9 6.4  9.71 0.12 231 10.28 0
 901  5189  5328  76.1 3.6  9.43 0.12 237  9.17 0
 902  8788  8869 126.7 4.7  9.93 0.12 481  9.19 0
 903  5206  5342  76.3 3.6            160  9.55 1
 904  5051  5188  74.1 3.6  9.58 0.12 351  9.82 0
 906  4899  5040  72.0 3.6 10.00 0.12 435 10.27 0
 907  5229  5359  76.6 3.6  9.25 0.12 251  9.48 0
 909 14155 14174 202.5 6.5 10.50 0.12 611  9.95 0
 910  4958  5092  72.7 3.5  9.74 0.12 525  9.76 0
 911  5372  5495  78.5 3.7  9.49 0.12 188  9.64 0
 912  5106  5233  74.8 3.6  9.57 0.12 244  9.54 0
 913  4235  4475  63.9 3.4 10.00 0.12 325 10.21 0
 914  5528  5645  80.6 3.7  9.53 0.12 100  9.41 0
 915  9060  9125 130.4 4.8  9.64 0.12 370  9.25 0
 916  4107  4249  60.7 3.4  9.36 0.12 218  9.34 0
 917  7568  7649 109.3 4.3  9.68 0.12 226  8.83 0
 918  8007  8071 115.3 4.4  9.79 0.12 223 10.21 1
 919  8556  8614 123.1 4.6  9.76 0.12 465  9.44 0
 921  8195  8251 117.9 4.5  9.62 0.12 198  8.92 0
 922  4067  4192  59.9 3.4  9.77 0.12 368  9.74 0
 923  5847  5933  84.8 3.8  9.61 0.12 437  9.84 0
 924  4540  4653  66.5 3.5  9.70 0.12 244  9.82 0
 925  7888  7939 113.4 4.4 10.05 0.12 428 10.22 0
 926 18979 18937 270.5 8.4 10.57 0.12 412 11.22 0
 927  8276  8315 118.8 4.5  9.91 0.12 344  9.22 0
 928  7047  7103 101.5 4.1  9.50 0.12 204  8.84 0
 929 10897 10903 155.8 5.4 10.34 0.12 578 10.74 0
 930  4721  4821  68.9 3.5 10.09 0.12 481 10.18 0
 931  4748  4845  69.2 3.5 10.04 0.12 112  9.57 0
 932  8406  8437 120.5 4.6  9.87 0.12 472 10.05 0
 933  1433  1606  22.9 2.9  8.26 0.12 100  7.98 0
 934  5389  5469  78.1 3.7  9.51 0.12 229  9.33 0
 935  3984  4088  58.4 3.4  9.78 0.12 242  9.44 0
 936  3016  3137  44.8 3.1  9.84 0.12 271  9.65 0
 937  4881  4962  70.9 3.5  9.57 0.12 208  9.80 0
 938  1717  1886  26.9 2.9  9.27 0.12 131  8.66 0
 939  6025  6082  86.9 3.9  9.46 0.12 408 10.17 0
 940  7978  7997 114.2 4.4  9.69 0.12 449 10.40 0
 941  4777  4865  69.5 3.5  9.90 0.12 340  9.89 0
 942 19861 19778 282.5 8.8  9.96 0.12 308 10.19 0
 943  9829  9824 140.3 5.1  9.35 0.12 308  9.61 0
 944  6101  6152  87.9 3.8  9.14 0.12 100  9.51 0
 945  6104  6153  87.9 3.9  9.79 0.12 375 10.20 0
 948 10037 10023 143.2 5.1            207 10.97 1
 949  1678  1837  26.2 2.9  9.15 0.12 217  8.80 0
 950  3805  3899  55.7 3.3  9.65 0.12 243  9.22 0
 951 13132 13081 186.9 6.1 10.40 0.12 346 10.68 0
 952  7576  7587 108.4 4.2            156  9.37 1
 953  7144  7166 102.4 4.1  9.54 0.12 100  9.76 0
 954  6321  6357  90.8 3.9            452  9.61 1
 955 11826 11791 168.4 5.6 10.36 0.12 464 10.66 0
 957  7112  7129 101.8 4.1 10.05 0.12 410 10.25 0
 958  6532  6558  93.7 4.0  9.81 0.12 320  9.68 0
 959  4809  4862  69.5 3.5  9.76 0.12 361  9.58 0
 960  8255  8247 117.8 4.5  9.61 0.12 296 10.16 0
 961 12406 12346 176.4 5.9 10.15 0.12 209 10.33 0
 962  6890  6904  98.6 4.1  9.44 0.12 389 10.08 0
 963  7682  7673 109.6 4.3  9.91 0.12 242  9.56 0
 965  7450  7440 106.3 4.2  8.96 0.12 341  9.73 0
 966  9022  8985 128.4 4.7  9.48 0.12 101  9.01 0
 969  2364  2632  37.6 3.0  9.56 0.12 196  8.84 0
 970 11636 11562 165.2 5.6 10.32 0.12 713 10.06 0
 972  1887  2012  28.7 2.8  8.85 0.12 139  8.53 0
 973  7579  7553 107.9 4.3  9.41 0.12 275  9.64 0
 974  5555  5569  79.6 3.7  9.88 0.12 290  9.64 0
 975  7379  7363 105.2 4.2 10.12 0.12 175  9.61 0
 976  2825  2905  41.5 3.1  9.70 0.12 365  9.49 0
 978  7557  7525 107.5 4.3 10.20 0.12 478  9.94 0
 979  2091  2386  34.1 2.9  9.51 0.12 259  9.42 0
 980  5196  5207  74.4 3.6  9.38 0.12 305  9.45 0
 981  7650  7614 108.8 4.2  9.89 0.12 405 10.66 0
 982  7590  7552 107.9 4.3 10.09 0.12 459 10.12 0
 983  4774  4826  68.9 3.5  9.92 0.12 582 10.07 0
 984  7232  7200 102.9 4.2 10.13 0.12 557  9.99 0
 985  1931  2030  29.0 2.9  9.81 0.12 277  9.07 0
 986  7925  7878 112.5 4.4  8.85 0.12 400  9.41 1
 987  9943  9883 141.2 5.1  9.04 0.12 515 10.27 1
 988  7264  7239 103.4 4.2 10.35 0.12 578 10.20 0
 989  9789  9714 138.8 5.0  9.52 0.12 365  9.72 1
 990  3400  3450  49.3 3.2  9.33 0.12 213  9.22 0
 992  3506  3544  50.6 3.2  9.82 0.12 132  9.32 0
 993 12654 12554 179.3 5.9  9.82 0.12 639  9.78 0
 994  7094  7068 101.0 4.1            322 10.05 1
 996  9247  9190 131.3 4.8 10.00 0.12 290 10.45 0
 997  8360  8302 118.6 4.5  9.87 0.12 473 10.06 0
 998  9459  9396 134.2 4.9  9.68 0.12 223 10.19 0
 999  7071  7025 100.4 4.1            358 10.33 1
1000  5540  5558  79.4 3.7  9.77 0.12 395 10.30 0
1001  3083  3127  44.7 3.2  9.74 0.12 133  9.03 0
1002  6683  6638  94.8 4.0  9.80 0.12 424  9.96 0
1003  3470  3499  50.0 3.2  9.18 0.12 356  9.27 0
1004  2376  2443  34.9 3.0 10.09 0.12 420  9.70 0
1005  4899  4883  69.8 3.5  9.92 0.12 370  9.90 0
1006  5480  5484  78.3 3.7  9.83 0.12 212  9.62 0
1007 10862 10754 153.6 5.3  9.90 0.12 147 10.15 0
1008  9750  9652 137.9 5.0  9.85 0.12 484 10.69 0
1009  4843  4856  69.4 3.5  9.45 0.12 396  9.66 0
1010 11668 11545 164.9 5.7  9.95 0.12 333 10.34 0
1011  5089  5089  72.7 3.5            285  9.89 1
1012  7370  7310 104.4 4.2  9.75 0.12 102  9.76 0
1014  7697  7615 108.8 4.2  9.06 0.12 327  9.35 0
1015  4436  4432  63.3 3.4  9.01 0.12 198  8.85 0
1016  9648  9544 136.3 4.9  9.59 0.12 157  9.87 0
1017 12795 12660 180.9 6.0  9.98 0.12 287  9.99 0
1018  9891  9769 139.6 5.0  9.74 0.12 398  9.37 0
1019  3474  3495  49.9 3.1 10.21 0.12 365 10.26 0
1021  9801  9687 138.4 4.9 10.08 0.12 266 10.31 0
1022 14958 14789 211.3 6.8            625 11.17 1
1023  8033  7944 113.5 4.3 10.01 0.12 434 10.35 0
1024 12699 12559 179.4 5.9 10.00 0.12 508 10.38 0
1025  3445  3440  49.1 3.2  8.79 0.12 100  8.39 0
1026 12261 12110 173.0 5.7            453 10.07 1
1027  5228  5172  73.9 3.6 10.06 0.12 594 10.27 0
1028  3053  3078  44.0 3.1  9.35 0.12 201  9.18 0
1029 12390 12232 174.7 5.9 10.04 0.12 211  9.28 0
1030  3968  3948  56.4 3.3  9.96 0.12 193  9.38 0
1032  1870  1914  27.3 2.9  9.20 0.12 184  9.30 0
1033  6498  6410  91.6 4.0  9.53 0.12 118  9.22 0
1034 11585 11424 163.2 5.5 10.30 0.12 492 10.43 0
1035  4151  4123  58.9 3.3  8.64 0.12 151  9.09 0
1036  4265  4225  60.4 3.4  9.92 0.12 409  9.70 0
1037  9544  9404 134.3 4.9 10.09 0.12 525  9.72 0
1038  4928  4904  70.1 3.5 10.35 0.12 253  9.82 0
1039  4859  4835  69.1 3.5  9.40 0.12 257  9.73 0
1040 10073  9938 142.0 5.0  9.67 0.12 250  9.96 0
1041  7850  7734 110.5 4.3  9.65 0.12 289 10.05 0
1042  5104  5067  72.4 3.5  7.16 0.12 188  8.02 0
1043 10947 10820 154.6 5.3  9.72 0.12 350 10.36 0
1044  6858  6774  96.8 4.0  9.75 0.12 283  9.48 0
1045  3824  3786  54.1 3.2  8.56 0.12 548  8.99 0
1046  7896  7776 111.1 4.3 10.02 0.12 452 10.20 0
1047  2459  2465  35.2 3.0  9.61 0.12 308  9.45 0
1048  4682  4650  66.4 3.4 10.11 0.12 385 10.18 0
1050  3251  3255  46.5 3.2  9.45 0.12 100  9.18 0
1051 10359 10206 145.8 5.1 10.01 0.12 296 10.48 0
