#RAD(Kpc) RAD(arcs)  VROT(km/s) DISP(km/s) INC(deg)  P.A.(deg) Z0(pc)    Z0(arcs)  SIG(E20)  XPOS(pix) YPOS(pix) VSYS(km/s) VRAD(km/s) 
2.347     11.500     252.908    8.918      39.944    307.292   0.000     0.000     1.000     256.000   256.000   3130.000   0.000      
7.042     34.500     255.736    39.387     39.944    307.670   0.000     0.000     1.000     256.000   256.000   3130.000   0.000      
11.736    57.500     279.166    30.621     39.944    307.763   0.000     0.000     1.000     256.000   256.000   3130.000   0.000      
16.431    80.500     279.484    29.995     39.944    309.981   0.000     0.000     1.000     256.000   256.000   3130.000   0.000      
21.126    103.500    275.803    21.108     39.944    312.412   0.000     0.000     1.000     256.000   256.000   3130.000   0.000      
25.820    126.500    281.093    13.884     39.944    313.778   0.000     0.000     1.000     256.000   256.000   3130.000   0.000      
30.515    149.500    287.667    12.165     39.944    314.043   0.000     0.000     1.000     256.000   256.000   3130.000   0.000      
35.209    172.500    289.531    13.340     39.944    313.649   0.000     0.000     1.000     256.000   256.000   3130.000   0.000      
39.904    195.500    276.129    14.743     39.944    312.964   0.000     0.000     1.000     256.000   256.000   3130.000   0.000      
44.598    218.500    272.900    8.447      39.944    312.214   0.000     0.000     1.000     256.000   256.000   3130.000   0.000      
49.293    241.500    274.492    7.987      39.944    311.577   0.000     0.000     1.000     256.000   256.000   3130.000   0.000      
53.988    264.500    272.590    3.255      39.944    311.167   0.000     0.000     1.000     256.000   256.000   3130.000   0.000      
58.682    287.500    270.895    1.576      39.944    310.956   0.000     0.000     1.000     256.000   256.000   3130.000   0.000      
