#RAD(Kpc) RAD(arcs)  VROT(km/s) DISP(km/s) INC(deg)  P.A.(deg) Z0(pc)    Z0(arcs)  SIG(E20)  XPOS(pix) YPOS(pix) VSYS(km/s) VRAD(km/s) E_VROT1   E_VROT2   E_DISP1   E_DISP2   
1.891     12.000     194.150    24.872     46.629    217.267   0.000     0.000     1.000     255.182   255.128   2377.907   0.000      -14.429   15.733    -8.184    8.972     
5.672     36.000     217.596    13.003     46.325    207.455   0.000     0.000     1.000     255.182   255.128   2377.907   0.000      -13.144   11.135    -4.817    7.330     
9.454     60.000     222.558    17.567     46.544    206.010   0.000     0.000     1.000     255.182   255.128   2377.907   0.000      -9.275    8.295     -4.437    4.837     
13.236    84.000     222.081    19.495     46.834    209.554   0.000     0.000     1.000     255.182   255.128   2377.907   0.000      -5.854    6.424     -3.789    4.011     
17.017    108.000    223.126    19.380     46.977    214.034   0.000     0.000     1.000     255.182   255.128   2377.907   0.000      -6.562    6.481     -4.132    4.714     
20.799    132.000    223.856    19.038     47.002    216.089   0.000     0.000     1.000     255.182   255.128   2377.907   0.000      -8.210    8.561     -4.714    5.688     
24.581    156.000    226.778    14.530     46.938    214.831   0.000     0.000     1.000     255.182   255.128   2377.907   0.000      -7.842    8.641     -5.001    6.406     
28.362    180.000    232.253    12.429     46.660    212.114   0.000     0.000     1.000     255.182   255.128   2377.907   0.000      -7.865    7.919     -4.834    5.831     
32.144    204.000    234.814    9.013      46.080    210.506   0.000     0.000     1.000     255.182   255.128   2377.907   0.000      -6.307    6.910     -5.284    6.490     
35.926    228.000    236.574    6.291      45.926    208.269   0.000     0.000     1.000     255.182   255.128   2377.907   0.000      -7.535    6.529     -5.874    5.165     
